Insert your moves as a pair "x y" of integers
Play your move: 
Played: 15 3 
move number: 1
color: 
0 0 0 0 0 0 0 0 0 0 0 0 0 0 0 0 0 0 0 
0 0 0 0 0 0 0 0 0 0 0 0 0 0 0 0 0 0 0 
0 0 0 0 0 0 0 0 0 0 0 0 0 0 0 0 0 0 0 
0 0 0 0 0 0 0 0 0 0 0 0 0 0 0 1 0 0 0 
0 0 0 0 0 0 0 0 0 0 0 0 0 0 0 0 0 0 0 
0 0 0 0 0 0 0 0 0 0 0 0 0 0 0 0 0 0 0 
0 0 0 0 0 0 0 0 0 0 0 0 0 0 0 0 0 0 0 
0 0 0 0 0 0 0 0 0 0 0 0 0 0 0 0 0 0 0 
0 0 0 0 0 0 0 0 0 0 0 0 0 0 0 0 0 0 0 
0 0 0 0 0 0 0 0 0 0 0 0 0 0 0 0 0 0 0 
0 0 0 0 0 0 0 0 0 0 0 0 0 0 0 0 0 0 0 
0 0 0 0 0 0 0 0 0 0 0 0 0 0 0 0 0 0 0 
0 0 0 0 0 0 0 0 0 0 0 0 0 0 0 0 0 0 0 
0 0 0 0 0 0 0 0 0 0 0 0 0 0 0 0 0 0 0 
0 0 0 0 0 0 0 0 0 0 0 0 0 0 0 0 0 0 0 
0 0 0 0 0 0 0 0 0 0 0 0 0 0 0 0 0 0 0 
0 0 0 0 0 0 0 0 0 0 0 0 0 0 0 0 0 0 0 
0 0 0 0 0 0 0 0 0 0 0 0 0 0 0 0 0 0 0 
0 0 0 0 0 0 0 0 0 0 0 0 0 0 0 0 0 0 0 
Play your move: 
Played: 3 3 
move number: 2
color: 
0 0 0 0 0 0 0 0 0 0 0 0 0 0 0 0 0 0 0 
0 0 0 0 0 0 0 0 0 0 0 0 0 0 0 0 0 0 0 
0 0 0 0 0 0 0 0 0 0 0 0 0 0 0 0 0 0 0 
0 0 0 2 0 0 0 0 0 0 0 0 0 0 0 1 0 0 0 
0 0 0 0 0 0 0 0 0 0 0 0 0 0 0 0 0 0 0 
0 0 0 0 0 0 0 0 0 0 0 0 0 0 0 0 0 0 0 
0 0 0 0 0 0 0 0 0 0 0 0 0 0 0 0 0 0 0 
0 0 0 0 0 0 0 0 0 0 0 0 0 0 0 0 0 0 0 
0 0 0 0 0 0 0 0 0 0 0 0 0 0 0 0 0 0 0 
0 0 0 0 0 0 0 0 0 0 0 0 0 0 0 0 0 0 0 
0 0 0 0 0 0 0 0 0 0 0 0 0 0 0 0 0 0 0 
0 0 0 0 0 0 0 0 0 0 0 0 0 0 0 0 0 0 0 
0 0 0 0 0 0 0 0 0 0 0 0 0 0 0 0 0 0 0 
0 0 0 0 0 0 0 0 0 0 0 0 0 0 0 0 0 0 0 
0 0 0 0 0 0 0 0 0 0 0 0 0 0 0 0 0 0 0 
0 0 0 0 0 0 0 0 0 0 0 0 0 0 0 0 0 0 0 
0 0 0 0 0 0 0 0 0 0 0 0 0 0 0 0 0 0 0 
0 0 0 0 0 0 0 0 0 0 0 0 0 0 0 0 0 0 0 
0 0 0 0 0 0 0 0 0 0 0 0 0 0 0 0 0 0 0 
Play your move: 
Played: 15 16 
move number: 3
color: 
0 0 0 0 0 0 0 0 0 0 0 0 0 0 0 0 0 0 0 
0 0 0 0 0 0 0 0 0 0 0 0 0 0 0 0 0 0 0 
0 0 0 0 0 0 0 0 0 0 0 0 0 0 0 0 0 0 0 
0 0 0 2 0 0 0 0 0 0 0 0 0 0 0 1 0 0 0 
0 0 0 0 0 0 0 0 0 0 0 0 0 0 0 0 0 0 0 
0 0 0 0 0 0 0 0 0 0 0 0 0 0 0 0 0 0 0 
0 0 0 0 0 0 0 0 0 0 0 0 0 0 0 0 0 0 0 
0 0 0 0 0 0 0 0 0 0 0 0 0 0 0 0 0 0 0 
0 0 0 0 0 0 0 0 0 0 0 0 0 0 0 0 0 0 0 
0 0 0 0 0 0 0 0 0 0 0 0 0 0 0 0 0 0 0 
0 0 0 0 0 0 0 0 0 0 0 0 0 0 0 0 0 0 0 
0 0 0 0 0 0 0 0 0 0 0 0 0 0 0 0 0 0 0 
0 0 0 0 0 0 0 0 0 0 0 0 0 0 0 0 0 0 0 
0 0 0 0 0 0 0 0 0 0 0 0 0 0 0 0 0 0 0 
0 0 0 0 0 0 0 0 0 0 0 0 0 0 0 0 0 0 0 
0 0 0 0 0 0 0 0 0 0 0 0 0 0 0 0 0 0 0 
0 0 0 0 0 0 0 0 0 0 0 0 0 0 0 1 0 0 0 
0 0 0 0 0 0 0 0 0 0 0 0 0 0 0 0 0 0 0 
0 0 0 0 0 0 0 0 0 0 0 0 0 0 0 0 0 0 0 
Play your move: 
Played: 3 15 
move number: 4
color: 
0 0 0 0 0 0 0 0 0 0 0 0 0 0 0 0 0 0 0 
0 0 0 0 0 0 0 0 0 0 0 0 0 0 0 0 0 0 0 
0 0 0 0 0 0 0 0 0 0 0 0 0 0 0 0 0 0 0 
0 0 0 2 0 0 0 0 0 0 0 0 0 0 0 1 0 0 0 
0 0 0 0 0 0 0 0 0 0 0 0 0 0 0 0 0 0 0 
0 0 0 0 0 0 0 0 0 0 0 0 0 0 0 0 0 0 0 
0 0 0 0 0 0 0 0 0 0 0 0 0 0 0 0 0 0 0 
0 0 0 0 0 0 0 0 0 0 0 0 0 0 0 0 0 0 0 
0 0 0 0 0 0 0 0 0 0 0 0 0 0 0 0 0 0 0 
0 0 0 0 0 0 0 0 0 0 0 0 0 0 0 0 0 0 0 
0 0 0 0 0 0 0 0 0 0 0 0 0 0 0 0 0 0 0 
0 0 0 0 0 0 0 0 0 0 0 0 0 0 0 0 0 0 0 
0 0 0 0 0 0 0 0 0 0 0 0 0 0 0 0 0 0 0 
0 0 0 0 0 0 0 0 0 0 0 0 0 0 0 0 0 0 0 
0 0 0 0 0 0 0 0 0 0 0 0 0 0 0 0 0 0 0 
0 0 0 2 0 0 0 0 0 0 0 0 0 0 0 0 0 0 0 
0 0 0 0 0 0 0 0 0 0 0 0 0 0 0 1 0 0 0 
0 0 0 0 0 0 0 0 0 0 0 0 0 0 0 0 0 0 0 
0 0 0 0 0 0 0 0 0 0 0 0 0 0 0 0 0 0 0 
Play your move: 
Played: 5 16 
move number: 5
color: 
0 0 0 0 0 0 0 0 0 0 0 0 0 0 0 0 0 0 0 
0 0 0 0 0 0 0 0 0 0 0 0 0 0 0 0 0 0 0 
0 0 0 0 0 0 0 0 0 0 0 0 0 0 0 0 0 0 0 
0 0 0 2 0 0 0 0 0 0 0 0 0 0 0 1 0 0 0 
0 0 0 0 0 0 0 0 0 0 0 0 0 0 0 0 0 0 0 
0 0 0 0 0 0 0 0 0 0 0 0 0 0 0 0 0 0 0 
0 0 0 0 0 0 0 0 0 0 0 0 0 0 0 0 0 0 0 
0 0 0 0 0 0 0 0 0 0 0 0 0 0 0 0 0 0 0 
0 0 0 0 0 0 0 0 0 0 0 0 0 0 0 0 0 0 0 
0 0 0 0 0 0 0 0 0 0 0 0 0 0 0 0 0 0 0 
0 0 0 0 0 0 0 0 0 0 0 0 0 0 0 0 0 0 0 
0 0 0 0 0 0 0 0 0 0 0 0 0 0 0 0 0 0 0 
0 0 0 0 0 0 0 0 0 0 0 0 0 0 0 0 0 0 0 
0 0 0 0 0 0 0 0 0 0 0 0 0 0 0 0 0 0 0 
0 0 0 0 0 0 0 0 0 0 0 0 0 0 0 0 0 0 0 
0 0 0 2 0 0 0 0 0 0 0 0 0 0 0 0 0 0 0 
0 0 0 0 0 1 0 0 0 0 0 0 0 0 0 1 0 0 0 
0 0 0 0 0 0 0 0 0 0 0 0 0 0 0 0 0 0 0 
0 0 0 0 0 0 0 0 0 0 0 0 0 0 0 0 0 0 0 
Play your move: 
Played: 16 14 
move number: 6
color: 
0 0 0 0 0 0 0 0 0 0 0 0 0 0 0 0 0 0 0 
0 0 0 0 0 0 0 0 0 0 0 0 0 0 0 0 0 0 0 
0 0 0 0 0 0 0 0 0 0 0 0 0 0 0 0 0 0 0 
0 0 0 2 0 0 0 0 0 0 0 0 0 0 0 1 0 0 0 
0 0 0 0 0 0 0 0 0 0 0 0 0 0 0 0 0 0 0 
0 0 0 0 0 0 0 0 0 0 0 0 0 0 0 0 0 0 0 
0 0 0 0 0 0 0 0 0 0 0 0 0 0 0 0 0 0 0 
0 0 0 0 0 0 0 0 0 0 0 0 0 0 0 0 0 0 0 
0 0 0 0 0 0 0 0 0 0 0 0 0 0 0 0 0 0 0 
0 0 0 0 0 0 0 0 0 0 0 0 0 0 0 0 0 0 0 
0 0 0 0 0 0 0 0 0 0 0 0 0 0 0 0 0 0 0 
0 0 0 0 0 0 0 0 0 0 0 0 0 0 0 0 0 0 0 
0 0 0 0 0 0 0 0 0 0 0 0 0 0 0 0 0 0 0 
0 0 0 0 0 0 0 0 0 0 0 0 0 0 0 0 0 0 0 
0 0 0 0 0 0 0 0 0 0 0 0 0 0 0 0 2 0 0 
0 0 0 2 0 0 0 0 0 0 0 0 0 0 0 0 0 0 0 
0 0 0 0 0 1 0 0 0 0 0 0 0 0 0 1 0 0 0 
0 0 0 0 0 0 0 0 0 0 0 0 0 0 0 0 0 0 0 
0 0 0 0 0 0 0 0 0 0 0 0 0 0 0 0 0 0 0 
Play your move: 
Played: 14 15 
move number: 7
color: 
0 0 0 0 0 0 0 0 0 0 0 0 0 0 0 0 0 0 0 
0 0 0 0 0 0 0 0 0 0 0 0 0 0 0 0 0 0 0 
0 0 0 0 0 0 0 0 0 0 0 0 0 0 0 0 0 0 0 
0 0 0 2 0 0 0 0 0 0 0 0 0 0 0 1 0 0 0 
0 0 0 0 0 0 0 0 0 0 0 0 0 0 0 0 0 0 0 
0 0 0 0 0 0 0 0 0 0 0 0 0 0 0 0 0 0 0 
0 0 0 0 0 0 0 0 0 0 0 0 0 0 0 0 0 0 0 
0 0 0 0 0 0 0 0 0 0 0 0 0 0 0 0 0 0 0 
0 0 0 0 0 0 0 0 0 0 0 0 0 0 0 0 0 0 0 
0 0 0 0 0 0 0 0 0 0 0 0 0 0 0 0 0 0 0 
0 0 0 0 0 0 0 0 0 0 0 0 0 0 0 0 0 0 0 
0 0 0 0 0 0 0 0 0 0 0 0 0 0 0 0 0 0 0 
0 0 0 0 0 0 0 0 0 0 0 0 0 0 0 0 0 0 0 
0 0 0 0 0 0 0 0 0 0 0 0 0 0 0 0 0 0 0 
0 0 0 0 0 0 0 0 0 0 0 0 0 0 0 0 2 0 0 
0 0 0 2 0 0 0 0 0 0 0 0 0 0 1 0 0 0 0 
0 0 0 0 0 1 0 0 0 0 0 0 0 0 0 1 0 0 0 
0 0 0 0 0 0 0 0 0 0 0 0 0 0 0 0 0 0 0 
0 0 0 0 0 0 0 0 0 0 0 0 0 0 0 0 0 0 0 
Play your move: 
Played: 7 16 
move number: 8
color: 
0 0 0 0 0 0 0 0 0 0 0 0 0 0 0 0 0 0 0 
0 0 0 0 0 0 0 0 0 0 0 0 0 0 0 0 0 0 0 
0 0 0 0 0 0 0 0 0 0 0 0 0 0 0 0 0 0 0 
0 0 0 2 0 0 0 0 0 0 0 0 0 0 0 1 0 0 0 
0 0 0 0 0 0 0 0 0 0 0 0 0 0 0 0 0 0 0 
0 0 0 0 0 0 0 0 0 0 0 0 0 0 0 0 0 0 0 
0 0 0 0 0 0 0 0 0 0 0 0 0 0 0 0 0 0 0 
0 0 0 0 0 0 0 0 0 0 0 0 0 0 0 0 0 0 0 
0 0 0 0 0 0 0 0 0 0 0 0 0 0 0 0 0 0 0 
0 0 0 0 0 0 0 0 0 0 0 0 0 0 0 0 0 0 0 
0 0 0 0 0 0 0 0 0 0 0 0 0 0 0 0 0 0 0 
0 0 0 0 0 0 0 0 0 0 0 0 0 0 0 0 0 0 0 
0 0 0 0 0 0 0 0 0 0 0 0 0 0 0 0 0 0 0 
0 0 0 0 0 0 0 0 0 0 0 0 0 0 0 0 0 0 0 
0 0 0 0 0 0 0 0 0 0 0 0 0 0 0 0 2 0 0 
0 0 0 2 0 0 0 0 0 0 0 0 0 0 1 0 0 0 0 
0 0 0 0 0 1 0 2 0 0 0 0 0 0 0 1 0 0 0 
0 0 0 0 0 0 0 0 0 0 0 0 0 0 0 0 0 0 0 
0 0 0 0 0 0 0 0 0 0 0 0 0 0 0 0 0 0 0 
Play your move: 
Played: 16 11 
move number: 9
color: 
0 0 0 0 0 0 0 0 0 0 0 0 0 0 0 0 0 0 0 
0 0 0 0 0 0 0 0 0 0 0 0 0 0 0 0 0 0 0 
0 0 0 0 0 0 0 0 0 0 0 0 0 0 0 0 0 0 0 
0 0 0 2 0 0 0 0 0 0 0 0 0 0 0 1 0 0 0 
0 0 0 0 0 0 0 0 0 0 0 0 0 0 0 0 0 0 0 
0 0 0 0 0 0 0 0 0 0 0 0 0 0 0 0 0 0 0 
0 0 0 0 0 0 0 0 0 0 0 0 0 0 0 0 0 0 0 
0 0 0 0 0 0 0 0 0 0 0 0 0 0 0 0 0 0 0 
0 0 0 0 0 0 0 0 0 0 0 0 0 0 0 0 0 0 0 
0 0 0 0 0 0 0 0 0 0 0 0 0 0 0 0 0 0 0 
0 0 0 0 0 0 0 0 0 0 0 0 0 0 0 0 0 0 0 
0 0 0 0 0 0 0 0 0 0 0 0 0 0 0 0 1 0 0 
0 0 0 0 0 0 0 0 0 0 0 0 0 0 0 0 0 0 0 
0 0 0 0 0 0 0 0 0 0 0 0 0 0 0 0 0 0 0 
0 0 0 0 0 0 0 0 0 0 0 0 0 0 0 0 2 0 0 
0 0 0 2 0 0 0 0 0 0 0 0 0 0 1 0 0 0 0 
0 0 0 0 0 1 0 2 0 0 0 0 0 0 0 1 0 0 0 
0 0 0 0 0 0 0 0 0 0 0 0 0 0 0 0 0 0 0 
0 0 0 0 0 0 0 0 0 0 0 0 0 0 0 0 0 0 0 
Play your move: 
Played: 16 5 
move number: 10
color: 
0 0 0 0 0 0 0 0 0 0 0 0 0 0 0 0 0 0 0 
0 0 0 0 0 0 0 0 0 0 0 0 0 0 0 0 0 0 0 
0 0 0 0 0 0 0 0 0 0 0 0 0 0 0 0 0 0 0 
0 0 0 2 0 0 0 0 0 0 0 0 0 0 0 1 0 0 0 
0 0 0 0 0 0 0 0 0 0 0 0 0 0 0 0 0 0 0 
0 0 0 0 0 0 0 0 0 0 0 0 0 0 0 0 2 0 0 
0 0 0 0 0 0 0 0 0 0 0 0 0 0 0 0 0 0 0 
0 0 0 0 0 0 0 0 0 0 0 0 0 0 0 0 0 0 0 
0 0 0 0 0 0 0 0 0 0 0 0 0 0 0 0 0 0 0 
0 0 0 0 0 0 0 0 0 0 0 0 0 0 0 0 0 0 0 
0 0 0 0 0 0 0 0 0 0 0 0 0 0 0 0 0 0 0 
0 0 0 0 0 0 0 0 0 0 0 0 0 0 0 0 1 0 0 
0 0 0 0 0 0 0 0 0 0 0 0 0 0 0 0 0 0 0 
0 0 0 0 0 0 0 0 0 0 0 0 0 0 0 0 0 0 0 
0 0 0 0 0 0 0 0 0 0 0 0 0 0 0 0 2 0 0 
0 0 0 2 0 0 0 0 0 0 0 0 0 0 1 0 0 0 0 
0 0 0 0 0 1 0 2 0 0 0 0 0 0 0 1 0 0 0 
0 0 0 0 0 0 0 0 0 0 0 0 0 0 0 0 0 0 0 
0 0 0 0 0 0 0 0 0 0 0 0 0 0 0 0 0 0 0 
Play your move: 
Played: 10 16 
move number: 11
color: 
0 0 0 0 0 0 0 0 0 0 0 0 0 0 0 0 0 0 0 
0 0 0 0 0 0 0 0 0 0 0 0 0 0 0 0 0 0 0 
0 0 0 0 0 0 0 0 0 0 0 0 0 0 0 0 0 0 0 
0 0 0 2 0 0 0 0 0 0 0 0 0 0 0 1 0 0 0 
0 0 0 0 0 0 0 0 0 0 0 0 0 0 0 0 0 0 0 
0 0 0 0 0 0 0 0 0 0 0 0 0 0 0 0 2 0 0 
0 0 0 0 0 0 0 0 0 0 0 0 0 0 0 0 0 0 0 
0 0 0 0 0 0 0 0 0 0 0 0 0 0 0 0 0 0 0 
0 0 0 0 0 0 0 0 0 0 0 0 0 0 0 0 0 0 0 
0 0 0 0 0 0 0 0 0 0 0 0 0 0 0 0 0 0 0 
0 0 0 0 0 0 0 0 0 0 0 0 0 0 0 0 0 0 0 
0 0 0 0 0 0 0 0 0 0 0 0 0 0 0 0 1 0 0 
0 0 0 0 0 0 0 0 0 0 0 0 0 0 0 0 0 0 0 
0 0 0 0 0 0 0 0 0 0 0 0 0 0 0 0 0 0 0 
0 0 0 0 0 0 0 0 0 0 0 0 0 0 0 0 2 0 0 
0 0 0 2 0 0 0 0 0 0 0 0 0 0 1 0 0 0 0 
0 0 0 0 0 1 0 2 0 0 1 0 0 0 0 1 0 0 0 
0 0 0 0 0 0 0 0 0 0 0 0 0 0 0 0 0 0 0 
0 0 0 0 0 0 0 0 0 0 0 0 0 0 0 0 0 0 0 
Play your move: 
Played: 4 16 
move number: 12
color: 
0 0 0 0 0 0 0 0 0 0 0 0 0 0 0 0 0 0 0 
0 0 0 0 0 0 0 0 0 0 0 0 0 0 0 0 0 0 0 
0 0 0 0 0 0 0 0 0 0 0 0 0 0 0 0 0 0 0 
0 0 0 2 0 0 0 0 0 0 0 0 0 0 0 1 0 0 0 
0 0 0 0 0 0 0 0 0 0 0 0 0 0 0 0 0 0 0 
0 0 0 0 0 0 0 0 0 0 0 0 0 0 0 0 2 0 0 
0 0 0 0 0 0 0 0 0 0 0 0 0 0 0 0 0 0 0 
0 0 0 0 0 0 0 0 0 0 0 0 0 0 0 0 0 0 0 
0 0 0 0 0 0 0 0 0 0 0 0 0 0 0 0 0 0 0 
0 0 0 0 0 0 0 0 0 0 0 0 0 0 0 0 0 0 0 
0 0 0 0 0 0 0 0 0 0 0 0 0 0 0 0 0 0 0 
0 0 0 0 0 0 0 0 0 0 0 0 0 0 0 0 1 0 0 
0 0 0 0 0 0 0 0 0 0 0 0 0 0 0 0 0 0 0 
0 0 0 0 0 0 0 0 0 0 0 0 0 0 0 0 0 0 0 
0 0 0 0 0 0 0 0 0 0 0 0 0 0 0 0 2 0 0 
0 0 0 2 0 0 0 0 0 0 0 0 0 0 1 0 0 0 0 
0 0 0 0 2 1 0 2 0 0 1 0 0 0 0 1 0 0 0 
0 0 0 0 0 0 0 0 0 0 0 0 0 0 0 0 0 0 0 
0 0 0 0 0 0 0 0 0 0 0 0 0 0 0 0 0 0 0 
Play your move: 
Played: 15 7 
move number: 13
color: 
0 0 0 0 0 0 0 0 0 0 0 0 0 0 0 0 0 0 0 
0 0 0 0 0 0 0 0 0 0 0 0 0 0 0 0 0 0 0 
0 0 0 0 0 0 0 0 0 0 0 0 0 0 0 0 0 0 0 
0 0 0 2 0 0 0 0 0 0 0 0 0 0 0 1 0 0 0 
0 0 0 0 0 0 0 0 0 0 0 0 0 0 0 0 0 0 0 
0 0 0 0 0 0 0 0 0 0 0 0 0 0 0 0 2 0 0 
0 0 0 0 0 0 0 0 0 0 0 0 0 0 0 0 0 0 0 
0 0 0 0 0 0 0 0 0 0 0 0 0 0 0 1 0 0 0 
0 0 0 0 0 0 0 0 0 0 0 0 0 0 0 0 0 0 0 
0 0 0 0 0 0 0 0 0 0 0 0 0 0 0 0 0 0 0 
0 0 0 0 0 0 0 0 0 0 0 0 0 0 0 0 0 0 0 
0 0 0 0 0 0 0 0 0 0 0 0 0 0 0 0 1 0 0 
0 0 0 0 0 0 0 0 0 0 0 0 0 0 0 0 0 0 0 
0 0 0 0 0 0 0 0 0 0 0 0 0 0 0 0 0 0 0 
0 0 0 0 0 0 0 0 0 0 0 0 0 0 0 0 2 0 0 
0 0 0 2 0 0 0 0 0 0 0 0 0 0 1 0 0 0 0 
0 0 0 0 2 1 0 2 0 0 1 0 0 0 0 1 0 0 0 
0 0 0 0 0 0 0 0 0 0 0 0 0 0 0 0 0 0 0 
0 0 0 0 0 0 0 0 0 0 0 0 0 0 0 0 0 0 0 
Play your move: 
Played: 5 15 
move number: 14
color: 
0 0 0 0 0 0 0 0 0 0 0 0 0 0 0 0 0 0 0 
0 0 0 0 0 0 0 0 0 0 0 0 0 0 0 0 0 0 0 
0 0 0 0 0 0 0 0 0 0 0 0 0 0 0 0 0 0 0 
0 0 0 2 0 0 0 0 0 0 0 0 0 0 0 1 0 0 0 
0 0 0 0 0 0 0 0 0 0 0 0 0 0 0 0 0 0 0 
0 0 0 0 0 0 0 0 0 0 0 0 0 0 0 0 2 0 0 
0 0 0 0 0 0 0 0 0 0 0 0 0 0 0 0 0 0 0 
0 0 0 0 0 0 0 0 0 0 0 0 0 0 0 1 0 0 0 
0 0 0 0 0 0 0 0 0 0 0 0 0 0 0 0 0 0 0 
0 0 0 0 0 0 0 0 0 0 0 0 0 0 0 0 0 0 0 
0 0 0 0 0 0 0 0 0 0 0 0 0 0 0 0 0 0 0 
0 0 0 0 0 0 0 0 0 0 0 0 0 0 0 0 1 0 0 
0 0 0 0 0 0 0 0 0 0 0 0 0 0 0 0 0 0 0 
0 0 0 0 0 0 0 0 0 0 0 0 0 0 0 0 0 0 0 
0 0 0 0 0 0 0 0 0 0 0 0 0 0 0 0 2 0 0 
0 0 0 2 0 2 0 0 0 0 0 0 0 0 1 0 0 0 0 
0 0 0 0 2 1 0 2 0 0 1 0 0 0 0 1 0 0 0 
0 0 0 0 0 0 0 0 0 0 0 0 0 0 0 0 0 0 0 
0 0 0 0 0 0 0 0 0 0 0 0 0 0 0 0 0 0 0 
Play your move: 
Played: 15 5 
move number: 15
color: 
0 0 0 0 0 0 0 0 0 0 0 0 0 0 0 0 0 0 0 
0 0 0 0 0 0 0 0 0 0 0 0 0 0 0 0 0 0 0 
0 0 0 0 0 0 0 0 0 0 0 0 0 0 0 0 0 0 0 
0 0 0 2 0 0 0 0 0 0 0 0 0 0 0 1 0 0 0 
0 0 0 0 0 0 0 0 0 0 0 0 0 0 0 0 0 0 0 
0 0 0 0 0 0 0 0 0 0 0 0 0 0 0 1 2 0 0 
0 0 0 0 0 0 0 0 0 0 0 0 0 0 0 0 0 0 0 
0 0 0 0 0 0 0 0 0 0 0 0 0 0 0 1 0 0 0 
0 0 0 0 0 0 0 0 0 0 0 0 0 0 0 0 0 0 0 
0 0 0 0 0 0 0 0 0 0 0 0 0 0 0 0 0 0 0 
0 0 0 0 0 0 0 0 0 0 0 0 0 0 0 0 0 0 0 
0 0 0 0 0 0 0 0 0 0 0 0 0 0 0 0 1 0 0 
0 0 0 0 0 0 0 0 0 0 0 0 0 0 0 0 0 0 0 
0 0 0 0 0 0 0 0 0 0 0 0 0 0 0 0 0 0 0 
0 0 0 0 0 0 0 0 0 0 0 0 0 0 0 0 2 0 0 
0 0 0 2 0 2 0 0 0 0 0 0 0 0 1 0 0 0 0 
0 0 0 0 2 1 0 2 0 0 1 0 0 0 0 1 0 0 0 
0 0 0 0 0 0 0 0 0 0 0 0 0 0 0 0 0 0 0 
0 0 0 0 0 0 0 0 0 0 0 0 0 0 0 0 0 0 0 
Play your move: 
Played: 5 2 
move number: 16
color: 
0 0 0 0 0 0 0 0 0 0 0 0 0 0 0 0 0 0 0 
0 0 0 0 0 0 0 0 0 0 0 0 0 0 0 0 0 0 0 
0 0 0 0 0 2 0 0 0 0 0 0 0 0 0 0 0 0 0 
0 0 0 2 0 0 0 0 0 0 0 0 0 0 0 1 0 0 0 
0 0 0 0 0 0 0 0 0 0 0 0 0 0 0 0 0 0 0 
0 0 0 0 0 0 0 0 0 0 0 0 0 0 0 1 2 0 0 
0 0 0 0 0 0 0 0 0 0 0 0 0 0 0 0 0 0 0 
0 0 0 0 0 0 0 0 0 0 0 0 0 0 0 1 0 0 0 
0 0 0 0 0 0 0 0 0 0 0 0 0 0 0 0 0 0 0 
0 0 0 0 0 0 0 0 0 0 0 0 0 0 0 0 0 0 0 
0 0 0 0 0 0 0 0 0 0 0 0 0 0 0 0 0 0 0 
0 0 0 0 0 0 0 0 0 0 0 0 0 0 0 0 1 0 0 
0 0 0 0 0 0 0 0 0 0 0 0 0 0 0 0 0 0 0 
0 0 0 0 0 0 0 0 0 0 0 0 0 0 0 0 0 0 0 
0 0 0 0 0 0 0 0 0 0 0 0 0 0 0 0 2 0 0 
0 0 0 2 0 2 0 0 0 0 0 0 0 0 1 0 0 0 0 
0 0 0 0 2 1 0 2 0 0 1 0 0 0 0 1 0 0 0 
0 0 0 0 0 0 0 0 0 0 0 0 0 0 0 0 0 0 0 
0 0 0 0 0 0 0 0 0 0 0 0 0 0 0 0 0 0 0 
Play your move: 
Played: 16 4 
move number: 17
color: 
0 0 0 0 0 0 0 0 0 0 0 0 0 0 0 0 0 0 0 
0 0 0 0 0 0 0 0 0 0 0 0 0 0 0 0 0 0 0 
0 0 0 0 0 2 0 0 0 0 0 0 0 0 0 0 0 0 0 
0 0 0 2 0 0 0 0 0 0 0 0 0 0 0 1 0 0 0 
0 0 0 0 0 0 0 0 0 0 0 0 0 0 0 0 1 0 0 
0 0 0 0 0 0 0 0 0 0 0 0 0 0 0 1 2 0 0 
0 0 0 0 0 0 0 0 0 0 0 0 0 0 0 0 0 0 0 
0 0 0 0 0 0 0 0 0 0 0 0 0 0 0 1 0 0 0 
0 0 0 0 0 0 0 0 0 0 0 0 0 0 0 0 0 0 0 
0 0 0 0 0 0 0 0 0 0 0 0 0 0 0 0 0 0 0 
0 0 0 0 0 0 0 0 0 0 0 0 0 0 0 0 0 0 0 
0 0 0 0 0 0 0 0 0 0 0 0 0 0 0 0 1 0 0 
0 0 0 0 0 0 0 0 0 0 0 0 0 0 0 0 0 0 0 
0 0 0 0 0 0 0 0 0 0 0 0 0 0 0 0 0 0 0 
0 0 0 0 0 0 0 0 0 0 0 0 0 0 0 0 2 0 0 
0 0 0 2 0 2 0 0 0 0 0 0 0 0 1 0 0 0 0 
0 0 0 0 2 1 0 2 0 0 1 0 0 0 0 1 0 0 0 
0 0 0 0 0 0 0 0 0 0 0 0 0 0 0 0 0 0 0 
0 0 0 0 0 0 0 0 0 0 0 0 0 0 0 0 0 0 0 
Play your move: 
Played: 2 9 
move number: 18
color: 
0 0 0 0 0 0 0 0 0 0 0 0 0 0 0 0 0 0 0 
0 0 0 0 0 0 0 0 0 0 0 0 0 0 0 0 0 0 0 
0 0 0 0 0 2 0 0 0 0 0 0 0 0 0 0 0 0 0 
0 0 0 2 0 0 0 0 0 0 0 0 0 0 0 1 0 0 0 
0 0 0 0 0 0 0 0 0 0 0 0 0 0 0 0 1 0 0 
0 0 0 0 0 0 0 0 0 0 0 0 0 0 0 1 2 0 0 
0 0 0 0 0 0 0 0 0 0 0 0 0 0 0 0 0 0 0 
0 0 0 0 0 0 0 0 0 0 0 0 0 0 0 1 0 0 0 
0 0 0 0 0 0 0 0 0 0 0 0 0 0 0 0 0 0 0 
0 0 2 0 0 0 0 0 0 0 0 0 0 0 0 0 0 0 0 
0 0 0 0 0 0 0 0 0 0 0 0 0 0 0 0 0 0 0 
0 0 0 0 0 0 0 0 0 0 0 0 0 0 0 0 1 0 0 
0 0 0 0 0 0 0 0 0 0 0 0 0 0 0 0 0 0 0 
0 0 0 0 0 0 0 0 0 0 0 0 0 0 0 0 0 0 0 
0 0 0 0 0 0 0 0 0 0 0 0 0 0 0 0 2 0 0 
0 0 0 2 0 2 0 0 0 0 0 0 0 0 1 0 0 0 0 
0 0 0 0 2 1 0 2 0 0 1 0 0 0 0 1 0 0 0 
0 0 0 0 0 0 0 0 0 0 0 0 0 0 0 0 0 0 0 
0 0 0 0 0 0 0 0 0 0 0 0 0 0 0 0 0 0 0 
Play your move: 
Played: 6 3 
move number: 19
color: 
0 0 0 0 0 0 0 0 0 0 0 0 0 0 0 0 0 0 0 
0 0 0 0 0 0 0 0 0 0 0 0 0 0 0 0 0 0 0 
0 0 0 0 0 2 0 0 0 0 0 0 0 0 0 0 0 0 0 
0 0 0 2 0 0 1 0 0 0 0 0 0 0 0 1 0 0 0 
0 0 0 0 0 0 0 0 0 0 0 0 0 0 0 0 1 0 0 
0 0 0 0 0 0 0 0 0 0 0 0 0 0 0 1 2 0 0 
0 0 0 0 0 0 0 0 0 0 0 0 0 0 0 0 0 0 0 
0 0 0 0 0 0 0 0 0 0 0 0 0 0 0 1 0 0 0 
0 0 0 0 0 0 0 0 0 0 0 0 0 0 0 0 0 0 0 
0 0 2 0 0 0 0 0 0 0 0 0 0 0 0 0 0 0 0 
0 0 0 0 0 0 0 0 0 0 0 0 0 0 0 0 0 0 0 
0 0 0 0 0 0 0 0 0 0 0 0 0 0 0 0 1 0 0 
0 0 0 0 0 0 0 0 0 0 0 0 0 0 0 0 0 0 0 
0 0 0 0 0 0 0 0 0 0 0 0 0 0 0 0 0 0 0 
0 0 0 0 0 0 0 0 0 0 0 0 0 0 0 0 2 0 0 
0 0 0 2 0 2 0 0 0 0 0 0 0 0 1 0 0 0 0 
0 0 0 0 2 1 0 2 0 0 1 0 0 0 0 1 0 0 0 
0 0 0 0 0 0 0 0 0 0 0 0 0 0 0 0 0 0 0 
0 0 0 0 0 0 0 0 0 0 0 0 0 0 0 0 0 0 0 
Play your move: 
Played: 10 3 
move number: 20
color: 
0 0 0 0 0 0 0 0 0 0 0 0 0 0 0 0 0 0 0 
0 0 0 0 0 0 0 0 0 0 0 0 0 0 0 0 0 0 0 
0 0 0 0 0 2 0 0 0 0 0 0 0 0 0 0 0 0 0 
0 0 0 2 0 0 1 0 0 0 2 0 0 0 0 1 0 0 0 
0 0 0 0 0 0 0 0 0 0 0 0 0 0 0 0 1 0 0 
0 0 0 0 0 0 0 0 0 0 0 0 0 0 0 1 2 0 0 
0 0 0 0 0 0 0 0 0 0 0 0 0 0 0 0 0 0 0 
0 0 0 0 0 0 0 0 0 0 0 0 0 0 0 1 0 0 0 
0 0 0 0 0 0 0 0 0 0 0 0 0 0 0 0 0 0 0 
0 0 2 0 0 0 0 0 0 0 0 0 0 0 0 0 0 0 0 
0 0 0 0 0 0 0 0 0 0 0 0 0 0 0 0 0 0 0 
0 0 0 0 0 0 0 0 0 0 0 0 0 0 0 0 1 0 0 
0 0 0 0 0 0 0 0 0 0 0 0 0 0 0 0 0 0 0 
0 0 0 0 0 0 0 0 0 0 0 0 0 0 0 0 0 0 0 
0 0 0 0 0 0 0 0 0 0 0 0 0 0 0 0 2 0 0 
0 0 0 2 0 2 0 0 0 0 0 0 0 0 1 0 0 0 0 
0 0 0 0 2 1 0 2 0 0 1 0 0 0 0 1 0 0 0 
0 0 0 0 0 0 0 0 0 0 0 0 0 0 0 0 0 0 0 
0 0 0 0 0 0 0 0 0 0 0 0 0 0 0 0 0 0 0 
Play your move: 
Played: 5 3 
move number: 21
color: 
0 0 0 0 0 0 0 0 0 0 0 0 0 0 0 0 0 0 0 
0 0 0 0 0 0 0 0 0 0 0 0 0 0 0 0 0 0 0 
0 0 0 0 0 2 0 0 0 0 0 0 0 0 0 0 0 0 0 
0 0 0 2 0 1 1 0 0 0 2 0 0 0 0 1 0 0 0 
0 0 0 0 0 0 0 0 0 0 0 0 0 0 0 0 1 0 0 
0 0 0 0 0 0 0 0 0 0 0 0 0 0 0 1 2 0 0 
0 0 0 0 0 0 0 0 0 0 0 0 0 0 0 0 0 0 0 
0 0 0 0 0 0 0 0 0 0 0 0 0 0 0 1 0 0 0 
0 0 0 0 0 0 0 0 0 0 0 0 0 0 0 0 0 0 0 
0 0 2 0 0 0 0 0 0 0 0 0 0 0 0 0 0 0 0 
0 0 0 0 0 0 0 0 0 0 0 0 0 0 0 0 0 0 0 
0 0 0 0 0 0 0 0 0 0 0 0 0 0 0 0 1 0 0 
0 0 0 0 0 0 0 0 0 0 0 0 0 0 0 0 0 0 0 
0 0 0 0 0 0 0 0 0 0 0 0 0 0 0 0 0 0 0 
0 0 0 0 0 0 0 0 0 0 0 0 0 0 0 0 2 0 0 
0 0 0 2 0 2 0 0 0 0 0 0 0 0 1 0 0 0 0 
0 0 0 0 2 1 0 2 0 0 1 0 0 0 0 1 0 0 0 
0 0 0 0 0 0 0 0 0 0 0 0 0 0 0 0 0 0 0 
0 0 0 0 0 0 0 0 0 0 0 0 0 0 0 0 0 0 0 
Play your move: 
Played: 6 2 
move number: 22
color: 
0 0 0 0 0 0 0 0 0 0 0 0 0 0 0 0 0 0 0 
0 0 0 0 0 0 0 0 0 0 0 0 0 0 0 0 0 0 0 
0 0 0 0 0 2 2 0 0 0 0 0 0 0 0 0 0 0 0 
0 0 0 2 0 1 1 0 0 0 2 0 0 0 0 1 0 0 0 
0 0 0 0 0 0 0 0 0 0 0 0 0 0 0 0 1 0 0 
0 0 0 0 0 0 0 0 0 0 0 0 0 0 0 1 2 0 0 
0 0 0 0 0 0 0 0 0 0 0 0 0 0 0 0 0 0 0 
0 0 0 0 0 0 0 0 0 0 0 0 0 0 0 1 0 0 0 
0 0 0 0 0 0 0 0 0 0 0 0 0 0 0 0 0 0 0 
0 0 2 0 0 0 0 0 0 0 0 0 0 0 0 0 0 0 0 
0 0 0 0 0 0 0 0 0 0 0 0 0 0 0 0 0 0 0 
0 0 0 0 0 0 0 0 0 0 0 0 0 0 0 0 1 0 0 
0 0 0 0 0 0 0 0 0 0 0 0 0 0 0 0 0 0 0 
0 0 0 0 0 0 0 0 0 0 0 0 0 0 0 0 0 0 0 
0 0 0 0 0 0 0 0 0 0 0 0 0 0 0 0 2 0 0 
0 0 0 2 0 2 0 0 0 0 0 0 0 0 1 0 0 0 0 
0 0 0 0 2 1 0 2 0 0 1 0 0 0 0 1 0 0 0 
0 0 0 0 0 0 0 0 0 0 0 0 0 0 0 0 0 0 0 
0 0 0 0 0 0 0 0 0 0 0 0 0 0 0 0 0 0 0 
Play your move: 
Played: 7 2 
move number: 23
color: 
0 0 0 0 0 0 0 0 0 0 0 0 0 0 0 0 0 0 0 
0 0 0 0 0 0 0 0 0 0 0 0 0 0 0 0 0 0 0 
0 0 0 0 0 2 2 1 0 0 0 0 0 0 0 0 0 0 0 
0 0 0 2 0 1 1 0 0 0 2 0 0 0 0 1 0 0 0 
0 0 0 0 0 0 0 0 0 0 0 0 0 0 0 0 1 0 0 
0 0 0 0 0 0 0 0 0 0 0 0 0 0 0 1 2 0 0 
0 0 0 0 0 0 0 0 0 0 0 0 0 0 0 0 0 0 0 
0 0 0 0 0 0 0 0 0 0 0 0 0 0 0 1 0 0 0 
0 0 0 0 0 0 0 0 0 0 0 0 0 0 0 0 0 0 0 
0 0 2 0 0 0 0 0 0 0 0 0 0 0 0 0 0 0 0 
0 0 0 0 0 0 0 0 0 0 0 0 0 0 0 0 0 0 0 
0 0 0 0 0 0 0 0 0 0 0 0 0 0 0 0 1 0 0 
0 0 0 0 0 0 0 0 0 0 0 0 0 0 0 0 0 0 0 
0 0 0 0 0 0 0 0 0 0 0 0 0 0 0 0 0 0 0 
0 0 0 0 0 0 0 0 0 0 0 0 0 0 0 0 2 0 0 
0 0 0 2 0 2 0 0 0 0 0 0 0 0 1 0 0 0 0 
0 0 0 0 2 1 0 2 0 0 1 0 0 0 0 1 0 0 0 
0 0 0 0 0 0 0 0 0 0 0 0 0 0 0 0 0 0 0 
0 0 0 0 0 0 0 0 0 0 0 0 0 0 0 0 0 0 0 
Play your move: 
Played: 4 3 
move number: 24
color: 
0 0 0 0 0 0 0 0 0 0 0 0 0 0 0 0 0 0 0 
0 0 0 0 0 0 0 0 0 0 0 0 0 0 0 0 0 0 0 
0 0 0 0 0 2 2 1 0 0 0 0 0 0 0 0 0 0 0 
0 0 0 2 2 1 1 0 0 0 2 0 0 0 0 1 0 0 0 
0 0 0 0 0 0 0 0 0 0 0 0 0 0 0 0 1 0 0 
0 0 0 0 0 0 0 0 0 0 0 0 0 0 0 1 2 0 0 
0 0 0 0 0 0 0 0 0 0 0 0 0 0 0 0 0 0 0 
0 0 0 0 0 0 0 0 0 0 0 0 0 0 0 1 0 0 0 
0 0 0 0 0 0 0 0 0 0 0 0 0 0 0 0 0 0 0 
0 0 2 0 0 0 0 0 0 0 0 0 0 0 0 0 0 0 0 
0 0 0 0 0 0 0 0 0 0 0 0 0 0 0 0 0 0 0 
0 0 0 0 0 0 0 0 0 0 0 0 0 0 0 0 1 0 0 
0 0 0 0 0 0 0 0 0 0 0 0 0 0 0 0 0 0 0 
0 0 0 0 0 0 0 0 0 0 0 0 0 0 0 0 0 0 0 
0 0 0 0 0 0 0 0 0 0 0 0 0 0 0 0 2 0 0 
0 0 0 2 0 2 0 0 0 0 0 0 0 0 1 0 0 0 0 
0 0 0 0 2 1 0 2 0 0 1 0 0 0 0 1 0 0 0 
0 0 0 0 0 0 0 0 0 0 0 0 0 0 0 0 0 0 0 
0 0 0 0 0 0 0 0 0 0 0 0 0 0 0 0 0 0 0 
Play your move: 
Played: 8 3 
move number: 25
color: 
0 0 0 0 0 0 0 0 0 0 0 0 0 0 0 0 0 0 0 
0 0 0 0 0 0 0 0 0 0 0 0 0 0 0 0 0 0 0 
0 0 0 0 0 2 2 1 0 0 0 0 0 0 0 0 0 0 0 
0 0 0 2 2 1 1 0 1 0 2 0 0 0 0 1 0 0 0 
0 0 0 0 0 0 0 0 0 0 0 0 0 0 0 0 1 0 0 
0 0 0 0 0 0 0 0 0 0 0 0 0 0 0 1 2 0 0 
0 0 0 0 0 0 0 0 0 0 0 0 0 0 0 0 0 0 0 
0 0 0 0 0 0 0 0 0 0 0 0 0 0 0 1 0 0 0 
0 0 0 0 0 0 0 0 0 0 0 0 0 0 0 0 0 0 0 
0 0 2 0 0 0 0 0 0 0 0 0 0 0 0 0 0 0 0 
0 0 0 0 0 0 0 0 0 0 0 0 0 0 0 0 0 0 0 
0 0 0 0 0 0 0 0 0 0 0 0 0 0 0 0 1 0 0 
0 0 0 0 0 0 0 0 0 0 0 0 0 0 0 0 0 0 0 
0 0 0 0 0 0 0 0 0 0 0 0 0 0 0 0 0 0 0 
0 0 0 0 0 0 0 0 0 0 0 0 0 0 0 0 2 0 0 
0 0 0 2 0 2 0 0 0 0 0 0 0 0 1 0 0 0 0 
0 0 0 0 2 1 0 2 0 0 1 0 0 0 0 1 0 0 0 
0 0 0 0 0 0 0 0 0 0 0 0 0 0 0 0 0 0 0 
0 0 0 0 0 0 0 0 0 0 0 0 0 0 0 0 0 0 0 
Play your move: 
Played: 9 2 
move number: 26
color: 
0 0 0 0 0 0 0 0 0 0 0 0 0 0 0 0 0 0 0 
0 0 0 0 0 0 0 0 0 0 0 0 0 0 0 0 0 0 0 
0 0 0 0 0 2 2 1 0 2 0 0 0 0 0 0 0 0 0 
0 0 0 2 2 1 1 0 1 0 2 0 0 0 0 1 0 0 0 
0 0 0 0 0 0 0 0 0 0 0 0 0 0 0 0 1 0 0 
0 0 0 0 0 0 0 0 0 0 0 0 0 0 0 1 2 0 0 
0 0 0 0 0 0 0 0 0 0 0 0 0 0 0 0 0 0 0 
0 0 0 0 0 0 0 0 0 0 0 0 0 0 0 1 0 0 0 
0 0 0 0 0 0 0 0 0 0 0 0 0 0 0 0 0 0 0 
0 0 2 0 0 0 0 0 0 0 0 0 0 0 0 0 0 0 0 
0 0 0 0 0 0 0 0 0 0 0 0 0 0 0 0 0 0 0 
0 0 0 0 0 0 0 0 0 0 0 0 0 0 0 0 1 0 0 
0 0 0 0 0 0 0 0 0 0 0 0 0 0 0 0 0 0 0 
0 0 0 0 0 0 0 0 0 0 0 0 0 0 0 0 0 0 0 
0 0 0 0 0 0 0 0 0 0 0 0 0 0 0 0 2 0 0 
0 0 0 2 0 2 0 0 0 0 0 0 0 0 1 0 0 0 0 
0 0 0 0 2 1 0 2 0 0 1 0 0 0 0 1 0 0 0 
0 0 0 0 0 0 0 0 0 0 0 0 0 0 0 0 0 0 0 
0 0 0 0 0 0 0 0 0 0 0 0 0 0 0 0 0 0 0 
Play your move: 
Played: 8 1 
move number: 27
color: 
0 0 0 0 0 0 0 0 0 0 0 0 0 0 0 0 0 0 0 
0 0 0 0 0 0 0 0 1 0 0 0 0 0 0 0 0 0 0 
0 0 0 0 0 2 2 1 0 2 0 0 0 0 0 0 0 0 0 
0 0 0 2 2 1 1 0 1 0 2 0 0 0 0 1 0 0 0 
0 0 0 0 0 0 0 0 0 0 0 0 0 0 0 0 1 0 0 
0 0 0 0 0 0 0 0 0 0 0 0 0 0 0 1 2 0 0 
0 0 0 0 0 0 0 0 0 0 0 0 0 0 0 0 0 0 0 
0 0 0 0 0 0 0 0 0 0 0 0 0 0 0 1 0 0 0 
0 0 0 0 0 0 0 0 0 0 0 0 0 0 0 0 0 0 0 
0 0 2 0 0 0 0 0 0 0 0 0 0 0 0 0 0 0 0 
0 0 0 0 0 0 0 0 0 0 0 0 0 0 0 0 0 0 0 
0 0 0 0 0 0 0 0 0 0 0 0 0 0 0 0 1 0 0 
0 0 0 0 0 0 0 0 0 0 0 0 0 0 0 0 0 0 0 
0 0 0 0 0 0 0 0 0 0 0 0 0 0 0 0 0 0 0 
0 0 0 0 0 0 0 0 0 0 0 0 0 0 0 0 2 0 0 
0 0 0 2 0 2 0 0 0 0 0 0 0 0 1 0 0 0 0 
0 0 0 0 2 1 0 2 0 0 1 0 0 0 0 1 0 0 0 
0 0 0 0 0 0 0 0 0 0 0 0 0 0 0 0 0 0 0 
0 0 0 0 0 0 0 0 0 0 0 0 0 0 0 0 0 0 0 
Play your move: 
Played: 10 5 
move number: 28
color: 
0 0 0 0 0 0 0 0 0 0 0 0 0 0 0 0 0 0 0 
0 0 0 0 0 0 0 0 1 0 0 0 0 0 0 0 0 0 0 
0 0 0 0 0 2 2 1 0 2 0 0 0 0 0 0 0 0 0 
0 0 0 2 2 1 1 0 1 0 2 0 0 0 0 1 0 0 0 
0 0 0 0 0 0 0 0 0 0 0 0 0 0 0 0 1 0 0 
0 0 0 0 0 0 0 0 0 0 2 0 0 0 0 1 2 0 0 
0 0 0 0 0 0 0 0 0 0 0 0 0 0 0 0 0 0 0 
0 0 0 0 0 0 0 0 0 0 0 0 0 0 0 1 0 0 0 
0 0 0 0 0 0 0 0 0 0 0 0 0 0 0 0 0 0 0 
0 0 2 0 0 0 0 0 0 0 0 0 0 0 0 0 0 0 0 
0 0 0 0 0 0 0 0 0 0 0 0 0 0 0 0 0 0 0 
0 0 0 0 0 0 0 0 0 0 0 0 0 0 0 0 1 0 0 
0 0 0 0 0 0 0 0 0 0 0 0 0 0 0 0 0 0 0 
0 0 0 0 0 0 0 0 0 0 0 0 0 0 0 0 0 0 0 
0 0 0 0 0 0 0 0 0 0 0 0 0 0 0 0 2 0 0 
0 0 0 2 0 2 0 0 0 0 0 0 0 0 1 0 0 0 0 
0 0 0 0 2 1 0 2 0 0 1 0 0 0 0 1 0 0 0 
0 0 0 0 0 0 0 0 0 0 0 0 0 0 0 0 0 0 0 
0 0 0 0 0 0 0 0 0 0 0 0 0 0 0 0 0 0 0 
Play your move: 
Played: 12 2 
move number: 29
color: 
0 0 0 0 0 0 0 0 0 0 0 0 0 0 0 0 0 0 0 
0 0 0 0 0 0 0 0 1 0 0 0 0 0 0 0 0 0 0 
0 0 0 0 0 2 2 1 0 2 0 0 1 0 0 0 0 0 0 
0 0 0 2 2 1 1 0 1 0 2 0 0 0 0 1 0 0 0 
0 0 0 0 0 0 0 0 0 0 0 0 0 0 0 0 1 0 0 
0 0 0 0 0 0 0 0 0 0 2 0 0 0 0 1 2 0 0 
0 0 0 0 0 0 0 0 0 0 0 0 0 0 0 0 0 0 0 
0 0 0 0 0 0 0 0 0 0 0 0 0 0 0 1 0 0 0 
0 0 0 0 0 0 0 0 0 0 0 0 0 0 0 0 0 0 0 
0 0 2 0 0 0 0 0 0 0 0 0 0 0 0 0 0 0 0 
0 0 0 0 0 0 0 0 0 0 0 0 0 0 0 0 0 0 0 
0 0 0 0 0 0 0 0 0 0 0 0 0 0 0 0 1 0 0 
0 0 0 0 0 0 0 0 0 0 0 0 0 0 0 0 0 0 0 
0 0 0 0 0 0 0 0 0 0 0 0 0 0 0 0 0 0 0 
0 0 0 0 0 0 0 0 0 0 0 0 0 0 0 0 2 0 0 
0 0 0 2 0 2 0 0 0 0 0 0 0 0 1 0 0 0 0 
0 0 0 0 2 1 0 2 0 0 1 0 0 0 0 1 0 0 0 
0 0 0 0 0 0 0 0 0 0 0 0 0 0 0 0 0 0 0 
0 0 0 0 0 0 0 0 0 0 0 0 0 0 0 0 0 0 0 
Play your move: 
Played: 7 4 
move number: 30
color: 
0 0 0 0 0 0 0 0 0 0 0 0 0 0 0 0 0 0 0 
0 0 0 0 0 0 0 0 1 0 0 0 0 0 0 0 0 0 0 
0 0 0 0 0 2 2 1 0 2 0 0 1 0 0 0 0 0 0 
0 0 0 2 2 1 1 0 1 0 2 0 0 0 0 1 0 0 0 
0 0 0 0 0 0 0 2 0 0 0 0 0 0 0 0 1 0 0 
0 0 0 0 0 0 0 0 0 0 2 0 0 0 0 1 2 0 0 
0 0 0 0 0 0 0 0 0 0 0 0 0 0 0 0 0 0 0 
0 0 0 0 0 0 0 0 0 0 0 0 0 0 0 1 0 0 0 
0 0 0 0 0 0 0 0 0 0 0 0 0 0 0 0 0 0 0 
0 0 2 0 0 0 0 0 0 0 0 0 0 0 0 0 0 0 0 
0 0 0 0 0 0 0 0 0 0 0 0 0 0 0 0 0 0 0 
0 0 0 0 0 0 0 0 0 0 0 0 0 0 0 0 1 0 0 
0 0 0 0 0 0 0 0 0 0 0 0 0 0 0 0 0 0 0 
0 0 0 0 0 0 0 0 0 0 0 0 0 0 0 0 0 0 0 
0 0 0 0 0 0 0 0 0 0 0 0 0 0 0 0 2 0 0 
0 0 0 2 0 2 0 0 0 0 0 0 0 0 1 0 0 0 0 
0 0 0 0 2 1 0 2 0 0 1 0 0 0 0 1 0 0 0 
0 0 0 0 0 0 0 0 0 0 0 0 0 0 0 0 0 0 0 
0 0 0 0 0 0 0 0 0 0 0 0 0 0 0 0 0 0 0 
Play your move: 
Played: 7 3 
move number: 31
color: 
0 0 0 0 0 0 0 0 0 0 0 0 0 0 0 0 0 0 0 
0 0 0 0 0 0 0 0 1 0 0 0 0 0 0 0 0 0 0 
0 0 0 0 0 2 2 1 0 2 0 0 1 0 0 0 0 0 0 
0 0 0 2 2 1 1 1 1 0 2 0 0 0 0 1 0 0 0 
0 0 0 0 0 0 0 2 0 0 0 0 0 0 0 0 1 0 0 
0 0 0 0 0 0 0 0 0 0 2 0 0 0 0 1 2 0 0 
0 0 0 0 0 0 0 0 0 0 0 0 0 0 0 0 0 0 0 
0 0 0 0 0 0 0 0 0 0 0 0 0 0 0 1 0 0 0 
0 0 0 0 0 0 0 0 0 0 0 0 0 0 0 0 0 0 0 
0 0 2 0 0 0 0 0 0 0 0 0 0 0 0 0 0 0 0 
0 0 0 0 0 0 0 0 0 0 0 0 0 0 0 0 0 0 0 
0 0 0 0 0 0 0 0 0 0 0 0 0 0 0 0 1 0 0 
0 0 0 0 0 0 0 0 0 0 0 0 0 0 0 0 0 0 0 
0 0 0 0 0 0 0 0 0 0 0 0 0 0 0 0 0 0 0 
0 0 0 0 0 0 0 0 0 0 0 0 0 0 0 0 2 0 0 
0 0 0 2 0 2 0 0 0 0 0 0 0 0 1 0 0 0 0 
0 0 0 0 2 1 0 2 0 0 1 0 0 0 0 1 0 0 0 
0 0 0 0 0 0 0 0 0 0 0 0 0 0 0 0 0 0 0 
0 0 0 0 0 0 0 0 0 0 0 0 0 0 0 0 0 0 0 
Play your move: 
Played: 5 5 
move number: 32
color: 
0 0 0 0 0 0 0 0 0 0 0 0 0 0 0 0 0 0 0 
0 0 0 0 0 0 0 0 1 0 0 0 0 0 0 0 0 0 0 
0 0 0 0 0 2 2 1 0 2 0 0 1 0 0 0 0 0 0 
0 0 0 2 2 1 1 1 1 0 2 0 0 0 0 1 0 0 0 
0 0 0 0 0 0 0 2 0 0 0 0 0 0 0 0 1 0 0 
0 0 0 0 0 2 0 0 0 0 2 0 0 0 0 1 2 0 0 
0 0 0 0 0 0 0 0 0 0 0 0 0 0 0 0 0 0 0 
0 0 0 0 0 0 0 0 0 0 0 0 0 0 0 1 0 0 0 
0 0 0 0 0 0 0 0 0 0 0 0 0 0 0 0 0 0 0 
0 0 2 0 0 0 0 0 0 0 0 0 0 0 0 0 0 0 0 
0 0 0 0 0 0 0 0 0 0 0 0 0 0 0 0 0 0 0 
0 0 0 0 0 0 0 0 0 0 0 0 0 0 0 0 1 0 0 
0 0 0 0 0 0 0 0 0 0 0 0 0 0 0 0 0 0 0 
0 0 0 0 0 0 0 0 0 0 0 0 0 0 0 0 0 0 0 
0 0 0 0 0 0 0 0 0 0 0 0 0 0 0 0 2 0 0 
0 0 0 2 0 2 0 0 0 0 0 0 0 0 1 0 0 0 0 
0 0 0 0 2 1 0 2 0 0 1 0 0 0 0 1 0 0 0 
0 0 0 0 0 0 0 0 0 0 0 0 0 0 0 0 0 0 0 
0 0 0 0 0 0 0 0 0 0 0 0 0 0 0 0 0 0 0 
Play your move: 
Played: 8 5 
move number: 33
color: 
0 0 0 0 0 0 0 0 0 0 0 0 0 0 0 0 0 0 0 
0 0 0 0 0 0 0 0 1 0 0 0 0 0 0 0 0 0 0 
0 0 0 0 0 2 2 1 0 2 0 0 1 0 0 0 0 0 0 
0 0 0 2 2 1 1 1 1 0 2 0 0 0 0 1 0 0 0 
0 0 0 0 0 0 0 2 0 0 0 0 0 0 0 0 1 0 0 
0 0 0 0 0 2 0 0 1 0 2 0 0 0 0 1 2 0 0 
0 0 0 0 0 0 0 0 0 0 0 0 0 0 0 0 0 0 0 
0 0 0 0 0 0 0 0 0 0 0 0 0 0 0 1 0 0 0 
0 0 0 0 0 0 0 0 0 0 0 0 0 0 0 0 0 0 0 
0 0 2 0 0 0 0 0 0 0 0 0 0 0 0 0 0 0 0 
0 0 0 0 0 0 0 0 0 0 0 0 0 0 0 0 0 0 0 
0 0 0 0 0 0 0 0 0 0 0 0 0 0 0 0 1 0 0 
0 0 0 0 0 0 0 0 0 0 0 0 0 0 0 0 0 0 0 
0 0 0 0 0 0 0 0 0 0 0 0 0 0 0 0 0 0 0 
0 0 0 0 0 0 0 0 0 0 0 0 0 0 0 0 2 0 0 
0 0 0 2 0 2 0 0 0 0 0 0 0 0 1 0 0 0 0 
0 0 0 0 2 1 0 2 0 0 1 0 0 0 0 1 0 0 0 
0 0 0 0 0 0 0 0 0 0 0 0 0 0 0 0 0 0 0 
0 0 0 0 0 0 0 0 0 0 0 0 0 0 0 0 0 0 0 
Play your move: 
Played: 10 7 
move number: 34
color: 
0 0 0 0 0 0 0 0 0 0 0 0 0 0 0 0 0 0 0 
0 0 0 0 0 0 0 0 1 0 0 0 0 0 0 0 0 0 0 
0 0 0 0 0 2 2 1 0 2 0 0 1 0 0 0 0 0 0 
0 0 0 2 2 1 1 1 1 0 2 0 0 0 0 1 0 0 0 
0 0 0 0 0 0 0 2 0 0 0 0 0 0 0 0 1 0 0 
0 0 0 0 0 2 0 0 1 0 2 0 0 0 0 1 2 0 0 
0 0 0 0 0 0 0 0 0 0 0 0 0 0 0 0 0 0 0 
0 0 0 0 0 0 0 0 0 0 2 0 0 0 0 1 0 0 0 
0 0 0 0 0 0 0 0 0 0 0 0 0 0 0 0 0 0 0 
0 0 2 0 0 0 0 0 0 0 0 0 0 0 0 0 0 0 0 
0 0 0 0 0 0 0 0 0 0 0 0 0 0 0 0 0 0 0 
0 0 0 0 0 0 0 0 0 0 0 0 0 0 0 0 1 0 0 
0 0 0 0 0 0 0 0 0 0 0 0 0 0 0 0 0 0 0 
0 0 0 0 0 0 0 0 0 0 0 0 0 0 0 0 0 0 0 
0 0 0 0 0 0 0 0 0 0 0 0 0 0 0 0 2 0 0 
0 0 0 2 0 2 0 0 0 0 0 0 0 0 1 0 0 0 0 
0 0 0 0 2 1 0 2 0 0 1 0 0 0 0 1 0 0 0 
0 0 0 0 0 0 0 0 0 0 0 0 0 0 0 0 0 0 0 
0 0 0 0 0 0 0 0 0 0 0 0 0 0 0 0 0 0 0 
Play your move: 
Played: 11 4 
move number: 35
color: 
0 0 0 0 0 0 0 0 0 0 0 0 0 0 0 0 0 0 0 
0 0 0 0 0 0 0 0 1 0 0 0 0 0 0 0 0 0 0 
0 0 0 0 0 2 2 1 0 2 0 0 1 0 0 0 0 0 0 
0 0 0 2 2 1 1 1 1 0 2 0 0 0 0 1 0 0 0 
0 0 0 0 0 0 0 2 0 0 0 1 0 0 0 0 1 0 0 
0 0 0 0 0 2 0 0 1 0 2 0 0 0 0 1 2 0 0 
0 0 0 0 0 0 0 0 0 0 0 0 0 0 0 0 0 0 0 
0 0 0 0 0 0 0 0 0 0 2 0 0 0 0 1 0 0 0 
0 0 0 0 0 0 0 0 0 0 0 0 0 0 0 0 0 0 0 
0 0 2 0 0 0 0 0 0 0 0 0 0 0 0 0 0 0 0 
0 0 0 0 0 0 0 0 0 0 0 0 0 0 0 0 0 0 0 
0 0 0 0 0 0 0 0 0 0 0 0 0 0 0 0 1 0 0 
0 0 0 0 0 0 0 0 0 0 0 0 0 0 0 0 0 0 0 
0 0 0 0 0 0 0 0 0 0 0 0 0 0 0 0 0 0 0 
0 0 0 0 0 0 0 0 0 0 0 0 0 0 0 0 2 0 0 
0 0 0 2 0 2 0 0 0 0 0 0 0 0 1 0 0 0 0 
0 0 0 0 2 1 0 2 0 0 1 0 0 0 0 1 0 0 0 
0 0 0 0 0 0 0 0 0 0 0 0 0 0 0 0 0 0 0 
0 0 0 0 0 0 0 0 0 0 0 0 0 0 0 0 0 0 0 
Play your move: 
Played: 10 4 
move number: 36
color: 
0 0 0 0 0 0 0 0 0 0 0 0 0 0 0 0 0 0 0 
0 0 0 0 0 0 0 0 1 0 0 0 0 0 0 0 0 0 0 
0 0 0 0 0 2 2 1 0 2 0 0 1 0 0 0 0 0 0 
0 0 0 2 2 1 1 1 1 0 2 0 0 0 0 1 0 0 0 
0 0 0 0 0 0 0 2 0 0 2 1 0 0 0 0 1 0 0 
0 0 0 0 0 2 0 0 1 0 2 0 0 0 0 1 2 0 0 
0 0 0 0 0 0 0 0 0 0 0 0 0 0 0 0 0 0 0 
0 0 0 0 0 0 0 0 0 0 2 0 0 0 0 1 0 0 0 
0 0 0 0 0 0 0 0 0 0 0 0 0 0 0 0 0 0 0 
0 0 2 0 0 0 0 0 0 0 0 0 0 0 0 0 0 0 0 
0 0 0 0 0 0 0 0 0 0 0 0 0 0 0 0 0 0 0 
0 0 0 0 0 0 0 0 0 0 0 0 0 0 0 0 1 0 0 
0 0 0 0 0 0 0 0 0 0 0 0 0 0 0 0 0 0 0 
0 0 0 0 0 0 0 0 0 0 0 0 0 0 0 0 0 0 0 
0 0 0 0 0 0 0 0 0 0 0 0 0 0 0 0 2 0 0 
0 0 0 2 0 2 0 0 0 0 0 0 0 0 1 0 0 0 0 
0 0 0 0 2 1 0 2 0 0 1 0 0 0 0 1 0 0 0 
0 0 0 0 0 0 0 0 0 0 0 0 0 0 0 0 0 0 0 
0 0 0 0 0 0 0 0 0 0 0 0 0 0 0 0 0 0 0 
Play your move: 
Played: 6 5 
move number: 37
color: 
0 0 0 0 0 0 0 0 0 0 0 0 0 0 0 0 0 0 0 
0 0 0 0 0 0 0 0 1 0 0 0 0 0 0 0 0 0 0 
0 0 0 0 0 2 2 1 0 2 0 0 1 0 0 0 0 0 0 
0 0 0 2 2 1 1 1 1 0 2 0 0 0 0 1 0 0 0 
0 0 0 0 0 0 0 2 0 0 2 1 0 0 0 0 1 0 0 
0 0 0 0 0 2 1 0 1 0 2 0 0 0 0 1 2 0 0 
0 0 0 0 0 0 0 0 0 0 0 0 0 0 0 0 0 0 0 
0 0 0 0 0 0 0 0 0 0 2 0 0 0 0 1 0 0 0 
0 0 0 0 0 0 0 0 0 0 0 0 0 0 0 0 0 0 0 
0 0 2 0 0 0 0 0 0 0 0 0 0 0 0 0 0 0 0 
0 0 0 0 0 0 0 0 0 0 0 0 0 0 0 0 0 0 0 
0 0 0 0 0 0 0 0 0 0 0 0 0 0 0 0 1 0 0 
0 0 0 0 0 0 0 0 0 0 0 0 0 0 0 0 0 0 0 
0 0 0 0 0 0 0 0 0 0 0 0 0 0 0 0 0 0 0 
0 0 0 0 0 0 0 0 0 0 0 0 0 0 0 0 2 0 0 
0 0 0 2 0 2 0 0 0 0 0 0 0 0 1 0 0 0 0 
0 0 0 0 2 1 0 2 0 0 1 0 0 0 0 1 0 0 0 
0 0 0 0 0 0 0 0 0 0 0 0 0 0 0 0 0 0 0 
0 0 0 0 0 0 0 0 0 0 0 0 0 0 0 0 0 0 0 
Play your move: 
Played: 5 6 
move number: 38
color: 
0 0 0 0 0 0 0 0 0 0 0 0 0 0 0 0 0 0 0 
0 0 0 0 0 0 0 0 1 0 0 0 0 0 0 0 0 0 0 
0 0 0 0 0 2 2 1 0 2 0 0 1 0 0 0 0 0 0 
0 0 0 2 2 1 1 1 1 0 2 0 0 0 0 1 0 0 0 
0 0 0 0 0 0 0 2 0 0 2 1 0 0 0 0 1 0 0 
0 0 0 0 0 2 1 0 1 0 2 0 0 0 0 1 2 0 0 
0 0 0 0 0 2 0 0 0 0 0 0 0 0 0 0 0 0 0 
0 0 0 0 0 0 0 0 0 0 2 0 0 0 0 1 0 0 0 
0 0 0 0 0 0 0 0 0 0 0 0 0 0 0 0 0 0 0 
0 0 2 0 0 0 0 0 0 0 0 0 0 0 0 0 0 0 0 
0 0 0 0 0 0 0 0 0 0 0 0 0 0 0 0 0 0 0 
0 0 0 0 0 0 0 0 0 0 0 0 0 0 0 0 1 0 0 
0 0 0 0 0 0 0 0 0 0 0 0 0 0 0 0 0 0 0 
0 0 0 0 0 0 0 0 0 0 0 0 0 0 0 0 0 0 0 
0 0 0 0 0 0 0 0 0 0 0 0 0 0 0 0 2 0 0 
0 0 0 2 0 2 0 0 0 0 0 0 0 0 1 0 0 0 0 
0 0 0 0 2 1 0 2 0 0 1 0 0 0 0 1 0 0 0 
0 0 0 0 0 0 0 0 0 0 0 0 0 0 0 0 0 0 0 
0 0 0 0 0 0 0 0 0 0 0 0 0 0 0 0 0 0 0 
Play your move: 
Played: 7 7 
move number: 39
color: 
0 0 0 0 0 0 0 0 0 0 0 0 0 0 0 0 0 0 0 
0 0 0 0 0 0 0 0 1 0 0 0 0 0 0 0 0 0 0 
0 0 0 0 0 2 2 1 0 2 0 0 1 0 0 0 0 0 0 
0 0 0 2 2 1 1 1 1 0 2 0 0 0 0 1 0 0 0 
0 0 0 0 0 0 0 2 0 0 2 1 0 0 0 0 1 0 0 
0 0 0 0 0 2 1 0 1 0 2 0 0 0 0 1 2 0 0 
0 0 0 0 0 2 0 0 0 0 0 0 0 0 0 0 0 0 0 
0 0 0 0 0 0 0 1 0 0 2 0 0 0 0 1 0 0 0 
0 0 0 0 0 0 0 0 0 0 0 0 0 0 0 0 0 0 0 
0 0 2 0 0 0 0 0 0 0 0 0 0 0 0 0 0 0 0 
0 0 0 0 0 0 0 0 0 0 0 0 0 0 0 0 0 0 0 
0 0 0 0 0 0 0 0 0 0 0 0 0 0 0 0 1 0 0 
0 0 0 0 0 0 0 0 0 0 0 0 0 0 0 0 0 0 0 
0 0 0 0 0 0 0 0 0 0 0 0 0 0 0 0 0 0 0 
0 0 0 0 0 0 0 0 0 0 0 0 0 0 0 0 2 0 0 
0 0 0 2 0 2 0 0 0 0 0 0 0 0 1 0 0 0 0 
0 0 0 0 2 1 0 2 0 0 1 0 0 0 0 1 0 0 0 
0 0 0 0 0 0 0 0 0 0 0 0 0 0 0 0 0 0 0 
0 0 0 0 0 0 0 0 0 0 0 0 0 0 0 0 0 0 0 
Play your move: 
Played: 10 9 
move number: 40
color: 
0 0 0 0 0 0 0 0 0 0 0 0 0 0 0 0 0 0 0 
0 0 0 0 0 0 0 0 1 0 0 0 0 0 0 0 0 0 0 
0 0 0 0 0 2 2 1 0 2 0 0 1 0 0 0 0 0 0 
0 0 0 2 2 1 1 1 1 0 2 0 0 0 0 1 0 0 0 
0 0 0 0 0 0 0 2 0 0 2 1 0 0 0 0 1 0 0 
0 0 0 0 0 2 1 0 1 0 2 0 0 0 0 1 2 0 0 
0 0 0 0 0 2 0 0 0 0 0 0 0 0 0 0 0 0 0 
0 0 0 0 0 0 0 1 0 0 2 0 0 0 0 1 0 0 0 
0 0 0 0 0 0 0 0 0 0 0 0 0 0 0 0 0 0 0 
0 0 2 0 0 0 0 0 0 0 2 0 0 0 0 0 0 0 0 
0 0 0 0 0 0 0 0 0 0 0 0 0 0 0 0 0 0 0 
0 0 0 0 0 0 0 0 0 0 0 0 0 0 0 0 1 0 0 
0 0 0 0 0 0 0 0 0 0 0 0 0 0 0 0 0 0 0 
0 0 0 0 0 0 0 0 0 0 0 0 0 0 0 0 0 0 0 
0 0 0 0 0 0 0 0 0 0 0 0 0 0 0 0 2 0 0 
0 0 0 2 0 2 0 0 0 0 0 0 0 0 1 0 0 0 0 
0 0 0 0 2 1 0 2 0 0 1 0 0 0 0 1 0 0 0 
0 0 0 0 0 0 0 0 0 0 0 0 0 0 0 0 0 0 0 
0 0 0 0 0 0 0 0 0 0 0 0 0 0 0 0 0 0 0 
Play your move: 
Played: 2 13 
move number: 41
color: 
0 0 0 0 0 0 0 0 0 0 0 0 0 0 0 0 0 0 0 
0 0 0 0 0 0 0 0 1 0 0 0 0 0 0 0 0 0 0 
0 0 0 0 0 2 2 1 0 2 0 0 1 0 0 0 0 0 0 
0 0 0 2 2 1 1 1 1 0 2 0 0 0 0 1 0 0 0 
0 0 0 0 0 0 0 2 0 0 2 1 0 0 0 0 1 0 0 
0 0 0 0 0 2 1 0 1 0 2 0 0 0 0 1 2 0 0 
0 0 0 0 0 2 0 0 0 0 0 0 0 0 0 0 0 0 0 
0 0 0 0 0 0 0 1 0 0 2 0 0 0 0 1 0 0 0 
0 0 0 0 0 0 0 0 0 0 0 0 0 0 0 0 0 0 0 
0 0 2 0 0 0 0 0 0 0 2 0 0 0 0 0 0 0 0 
0 0 0 0 0 0 0 0 0 0 0 0 0 0 0 0 0 0 0 
0 0 0 0 0 0 0 0 0 0 0 0 0 0 0 0 1 0 0 
0 0 0 0 0 0 0 0 0 0 0 0 0 0 0 0 0 0 0 
0 0 1 0 0 0 0 0 0 0 0 0 0 0 0 0 0 0 0 
0 0 0 0 0 0 0 0 0 0 0 0 0 0 0 0 2 0 0 
0 0 0 2 0 2 0 0 0 0 0 0 0 0 1 0 0 0 0 
0 0 0 0 2 1 0 2 0 0 1 0 0 0 0 1 0 0 0 
0 0 0 0 0 0 0 0 0 0 0 0 0 0 0 0 0 0 0 
0 0 0 0 0 0 0 0 0 0 0 0 0 0 0 0 0 0 0 
Play your move: 
Played: 2 14 
move number: 42
color: 
0 0 0 0 0 0 0 0 0 0 0 0 0 0 0 0 0 0 0 
0 0 0 0 0 0 0 0 1 0 0 0 0 0 0 0 0 0 0 
0 0 0 0 0 2 2 1 0 2 0 0 1 0 0 0 0 0 0 
0 0 0 2 2 1 1 1 1 0 2 0 0 0 0 1 0 0 0 
0 0 0 0 0 0 0 2 0 0 2 1 0 0 0 0 1 0 0 
0 0 0 0 0 2 1 0 1 0 2 0 0 0 0 1 2 0 0 
0 0 0 0 0 2 0 0 0 0 0 0 0 0 0 0 0 0 0 
0 0 0 0 0 0 0 1 0 0 2 0 0 0 0 1 0 0 0 
0 0 0 0 0 0 0 0 0 0 0 0 0 0 0 0 0 0 0 
0 0 2 0 0 0 0 0 0 0 2 0 0 0 0 0 0 0 0 
0 0 0 0 0 0 0 0 0 0 0 0 0 0 0 0 0 0 0 
0 0 0 0 0 0 0 0 0 0 0 0 0 0 0 0 1 0 0 
0 0 0 0 0 0 0 0 0 0 0 0 0 0 0 0 0 0 0 
0 0 1 0 0 0 0 0 0 0 0 0 0 0 0 0 0 0 0 
0 0 2 0 0 0 0 0 0 0 0 0 0 0 0 0 2 0 0 
0 0 0 2 0 2 0 0 0 0 0 0 0 0 1 0 0 0 0 
0 0 0 0 2 1 0 2 0 0 1 0 0 0 0 1 0 0 0 
0 0 0 0 0 0 0 0 0 0 0 0 0 0 0 0 0 0 0 
0 0 0 0 0 0 0 0 0 0 0 0 0 0 0 0 0 0 0 
Play your move: 
Played: 3 13 
move number: 43
color: 
0 0 0 0 0 0 0 0 0 0 0 0 0 0 0 0 0 0 0 
0 0 0 0 0 0 0 0 1 0 0 0 0 0 0 0 0 0 0 
0 0 0 0 0 2 2 1 0 2 0 0 1 0 0 0 0 0 0 
0 0 0 2 2 1 1 1 1 0 2 0 0 0 0 1 0 0 0 
0 0 0 0 0 0 0 2 0 0 2 1 0 0 0 0 1 0 0 
0 0 0 0 0 2 1 0 1 0 2 0 0 0 0 1 2 0 0 
0 0 0 0 0 2 0 0 0 0 0 0 0 0 0 0 0 0 0 
0 0 0 0 0 0 0 1 0 0 2 0 0 0 0 1 0 0 0 
0 0 0 0 0 0 0 0 0 0 0 0 0 0 0 0 0 0 0 
0 0 2 0 0 0 0 0 0 0 2 0 0 0 0 0 0 0 0 
0 0 0 0 0 0 0 0 0 0 0 0 0 0 0 0 0 0 0 
0 0 0 0 0 0 0 0 0 0 0 0 0 0 0 0 1 0 0 
0 0 0 0 0 0 0 0 0 0 0 0 0 0 0 0 0 0 0 
0 0 1 1 0 0 0 0 0 0 0 0 0 0 0 0 0 0 0 
0 0 2 0 0 0 0 0 0 0 0 0 0 0 0 0 2 0 0 
0 0 0 2 0 2 0 0 0 0 0 0 0 0 1 0 0 0 0 
0 0 0 0 2 1 0 2 0 0 1 0 0 0 0 1 0 0 0 
0 0 0 0 0 0 0 0 0 0 0 0 0 0 0 0 0 0 0 
0 0 0 0 0 0 0 0 0 0 0 0 0 0 0 0 0 0 0 
Play your move: 
Played: 5 9 
move number: 44
color: 
0 0 0 0 0 0 0 0 0 0 0 0 0 0 0 0 0 0 0 
0 0 0 0 0 0 0 0 1 0 0 0 0 0 0 0 0 0 0 
0 0 0 0 0 2 2 1 0 2 0 0 1 0 0 0 0 0 0 
0 0 0 2 2 1 1 1 1 0 2 0 0 0 0 1 0 0 0 
0 0 0 0 0 0 0 2 0 0 2 1 0 0 0 0 1 0 0 
0 0 0 0 0 2 1 0 1 0 2 0 0 0 0 1 2 0 0 
0 0 0 0 0 2 0 0 0 0 0 0 0 0 0 0 0 0 0 
0 0 0 0 0 0 0 1 0 0 2 0 0 0 0 1 0 0 0 
0 0 0 0 0 0 0 0 0 0 0 0 0 0 0 0 0 0 0 
0 0 2 0 0 2 0 0 0 0 2 0 0 0 0 0 0 0 0 
0 0 0 0 0 0 0 0 0 0 0 0 0 0 0 0 0 0 0 
0 0 0 0 0 0 0 0 0 0 0 0 0 0 0 0 1 0 0 
0 0 0 0 0 0 0 0 0 0 0 0 0 0 0 0 0 0 0 
0 0 1 1 0 0 0 0 0 0 0 0 0 0 0 0 0 0 0 
0 0 2 0 0 0 0 0 0 0 0 0 0 0 0 0 2 0 0 
0 0 0 2 0 2 0 0 0 0 0 0 0 0 1 0 0 0 0 
0 0 0 0 2 1 0 2 0 0 1 0 0 0 0 1 0 0 0 
0 0 0 0 0 0 0 0 0 0 0 0 0 0 0 0 0 0 0 
0 0 0 0 0 0 0 0 0 0 0 0 0 0 0 0 0 0 0 
Play your move: 
Played: 8 10 
move number: 45
color: 
0 0 0 0 0 0 0 0 0 0 0 0 0 0 0 0 0 0 0 
0 0 0 0 0 0 0 0 1 0 0 0 0 0 0 0 0 0 0 
0 0 0 0 0 2 2 1 0 2 0 0 1 0 0 0 0 0 0 
0 0 0 2 2 1 1 1 1 0 2 0 0 0 0 1 0 0 0 
0 0 0 0 0 0 0 2 0 0 2 1 0 0 0 0 1 0 0 
0 0 0 0 0 2 1 0 1 0 2 0 0 0 0 1 2 0 0 
0 0 0 0 0 2 0 0 0 0 0 0 0 0 0 0 0 0 0 
0 0 0 0 0 0 0 1 0 0 2 0 0 0 0 1 0 0 0 
0 0 0 0 0 0 0 0 0 0 0 0 0 0 0 0 0 0 0 
0 0 2 0 0 2 0 0 0 0 2 0 0 0 0 0 0 0 0 
0 0 0 0 0 0 0 0 1 0 0 0 0 0 0 0 0 0 0 
0 0 0 0 0 0 0 0 0 0 0 0 0 0 0 0 1 0 0 
0 0 0 0 0 0 0 0 0 0 0 0 0 0 0 0 0 0 0 
0 0 1 1 0 0 0 0 0 0 0 0 0 0 0 0 0 0 0 
0 0 2 0 0 0 0 0 0 0 0 0 0 0 0 0 2 0 0 
0 0 0 2 0 2 0 0 0 0 0 0 0 0 1 0 0 0 0 
0 0 0 0 2 1 0 2 0 0 1 0 0 0 0 1 0 0 0 
0 0 0 0 0 0 0 0 0 0 0 0 0 0 0 0 0 0 0 
0 0 0 0 0 0 0 0 0 0 0 0 0 0 0 0 0 0 0 
Play your move: 
Played: 8 8 
move number: 46
color: 
0 0 0 0 0 0 0 0 0 0 0 0 0 0 0 0 0 0 0 
0 0 0 0 0 0 0 0 1 0 0 0 0 0 0 0 0 0 0 
0 0 0 0 0 2 2 1 0 2 0 0 1 0 0 0 0 0 0 
0 0 0 2 2 1 1 1 1 0 2 0 0 0 0 1 0 0 0 
0 0 0 0 0 0 0 2 0 0 2 1 0 0 0 0 1 0 0 
0 0 0 0 0 2 1 0 1 0 2 0 0 0 0 1 2 0 0 
0 0 0 0 0 2 0 0 0 0 0 0 0 0 0 0 0 0 0 
0 0 0 0 0 0 0 1 0 0 2 0 0 0 0 1 0 0 0 
0 0 0 0 0 0 0 0 2 0 0 0 0 0 0 0 0 0 0 
0 0 2 0 0 2 0 0 0 0 2 0 0 0 0 0 0 0 0 
0 0 0 0 0 0 0 0 1 0 0 0 0 0 0 0 0 0 0 
0 0 0 0 0 0 0 0 0 0 0 0 0 0 0 0 1 0 0 
0 0 0 0 0 0 0 0 0 0 0 0 0 0 0 0 0 0 0 
0 0 1 1 0 0 0 0 0 0 0 0 0 0 0 0 0 0 0 
0 0 2 0 0 0 0 0 0 0 0 0 0 0 0 0 2 0 0 
0 0 0 2 0 2 0 0 0 0 0 0 0 0 1 0 0 0 0 
0 0 0 0 2 1 0 2 0 0 1 0 0 0 0 1 0 0 0 
0 0 0 0 0 0 0 0 0 0 0 0 0 0 0 0 0 0 0 
0 0 0 0 0 0 0 0 0 0 0 0 0 0 0 0 0 0 0 
Play your move: 
Played: 7 8 
move number: 47
color: 
0 0 0 0 0 0 0 0 0 0 0 0 0 0 0 0 0 0 0 
0 0 0 0 0 0 0 0 1 0 0 0 0 0 0 0 0 0 0 
0 0 0 0 0 2 2 1 0 2 0 0 1 0 0 0 0 0 0 
0 0 0 2 2 1 1 1 1 0 2 0 0 0 0 1 0 0 0 
0 0 0 0 0 0 0 2 0 0 2 1 0 0 0 0 1 0 0 
0 0 0 0 0 2 1 0 1 0 2 0 0 0 0 1 2 0 0 
0 0 0 0 0 2 0 0 0 0 0 0 0 0 0 0 0 0 0 
0 0 0 0 0 0 0 1 0 0 2 0 0 0 0 1 0 0 0 
0 0 0 0 0 0 0 1 2 0 0 0 0 0 0 0 0 0 0 
0 0 2 0 0 2 0 0 0 0 2 0 0 0 0 0 0 0 0 
0 0 0 0 0 0 0 0 1 0 0 0 0 0 0 0 0 0 0 
0 0 0 0 0 0 0 0 0 0 0 0 0 0 0 0 1 0 0 
0 0 0 0 0 0 0 0 0 0 0 0 0 0 0 0 0 0 0 
0 0 1 1 0 0 0 0 0 0 0 0 0 0 0 0 0 0 0 
0 0 2 0 0 0 0 0 0 0 0 0 0 0 0 0 2 0 0 
0 0 0 2 0 2 0 0 0 0 0 0 0 0 1 0 0 0 0 
0 0 0 0 2 1 0 2 0 0 1 0 0 0 0 1 0 0 0 
0 0 0 0 0 0 0 0 0 0 0 0 0 0 0 0 0 0 0 
0 0 0 0 0 0 0 0 0 0 0 0 0 0 0 0 0 0 0 
Play your move: 
Played: 6 10 
move number: 48
color: 
0 0 0 0 0 0 0 0 0 0 0 0 0 0 0 0 0 0 0 
0 0 0 0 0 0 0 0 1 0 0 0 0 0 0 0 0 0 0 
0 0 0 0 0 2 2 1 0 2 0 0 1 0 0 0 0 0 0 
0 0 0 2 2 1 1 1 1 0 2 0 0 0 0 1 0 0 0 
0 0 0 0 0 0 0 2 0 0 2 1 0 0 0 0 1 0 0 
0 0 0 0 0 2 1 0 1 0 2 0 0 0 0 1 2 0 0 
0 0 0 0 0 2 0 0 0 0 0 0 0 0 0 0 0 0 0 
0 0 0 0 0 0 0 1 0 0 2 0 0 0 0 1 0 0 0 
0 0 0 0 0 0 0 1 2 0 0 0 0 0 0 0 0 0 0 
0 0 2 0 0 2 0 0 0 0 2 0 0 0 0 0 0 0 0 
0 0 0 0 0 0 2 0 1 0 0 0 0 0 0 0 0 0 0 
0 0 0 0 0 0 0 0 0 0 0 0 0 0 0 0 1 0 0 
0 0 0 0 0 0 0 0 0 0 0 0 0 0 0 0 0 0 0 
0 0 1 1 0 0 0 0 0 0 0 0 0 0 0 0 0 0 0 
0 0 2 0 0 0 0 0 0 0 0 0 0 0 0 0 2 0 0 
0 0 0 2 0 2 0 0 0 0 0 0 0 0 1 0 0 0 0 
0 0 0 0 2 1 0 2 0 0 1 0 0 0 0 1 0 0 0 
0 0 0 0 0 0 0 0 0 0 0 0 0 0 0 0 0 0 0 
0 0 0 0 0 0 0 0 0 0 0 0 0 0 0 0 0 0 0 
Play your move: 
Played: 9 8 
move number: 49
color: 
0 0 0 0 0 0 0 0 0 0 0 0 0 0 0 0 0 0 0 
0 0 0 0 0 0 0 0 1 0 0 0 0 0 0 0 0 0 0 
0 0 0 0 0 2 2 1 0 2 0 0 1 0 0 0 0 0 0 
0 0 0 2 2 1 1 1 1 0 2 0 0 0 0 1 0 0 0 
0 0 0 0 0 0 0 2 0 0 2 1 0 0 0 0 1 0 0 
0 0 0 0 0 2 1 0 1 0 2 0 0 0 0 1 2 0 0 
0 0 0 0 0 2 0 0 0 0 0 0 0 0 0 0 0 0 0 
0 0 0 0 0 0 0 1 0 0 2 0 0 0 0 1 0 0 0 
0 0 0 0 0 0 0 1 2 1 0 0 0 0 0 0 0 0 0 
0 0 2 0 0 2 0 0 0 0 2 0 0 0 0 0 0 0 0 
0 0 0 0 0 0 2 0 1 0 0 0 0 0 0 0 0 0 0 
0 0 0 0 0 0 0 0 0 0 0 0 0 0 0 0 1 0 0 
0 0 0 0 0 0 0 0 0 0 0 0 0 0 0 0 0 0 0 
0 0 1 1 0 0 0 0 0 0 0 0 0 0 0 0 0 0 0 
0 0 2 0 0 0 0 0 0 0 0 0 0 0 0 0 2 0 0 
0 0 0 2 0 2 0 0 0 0 0 0 0 0 1 0 0 0 0 
0 0 0 0 2 1 0 2 0 0 1 0 0 0 0 1 0 0 0 
0 0 0 0 0 0 0 0 0 0 0 0 0 0 0 0 0 0 0 
0 0 0 0 0 0 0 0 0 0 0 0 0 0 0 0 0 0 0 
Play your move: 
Played: 10 8 
move number: 50
color: 
0 0 0 0 0 0 0 0 0 0 0 0 0 0 0 0 0 0 0 
0 0 0 0 0 0 0 0 1 0 0 0 0 0 0 0 0 0 0 
0 0 0 0 0 2 2 1 0 2 0 0 1 0 0 0 0 0 0 
0 0 0 2 2 1 1 1 1 0 2 0 0 0 0 1 0 0 0 
0 0 0 0 0 0 0 2 0 0 2 1 0 0 0 0 1 0 0 
0 0 0 0 0 2 1 0 1 0 2 0 0 0 0 1 2 0 0 
0 0 0 0 0 2 0 0 0 0 0 0 0 0 0 0 0 0 0 
0 0 0 0 0 0 0 1 0 0 2 0 0 0 0 1 0 0 0 
0 0 0 0 0 0 0 1 2 1 2 0 0 0 0 0 0 0 0 
0 0 2 0 0 2 0 0 0 0 2 0 0 0 0 0 0 0 0 
0 0 0 0 0 0 2 0 1 0 0 0 0 0 0 0 0 0 0 
0 0 0 0 0 0 0 0 0 0 0 0 0 0 0 0 1 0 0 
0 0 0 0 0 0 0 0 0 0 0 0 0 0 0 0 0 0 0 
0 0 1 1 0 0 0 0 0 0 0 0 0 0 0 0 0 0 0 
0 0 2 0 0 0 0 0 0 0 0 0 0 0 0 0 2 0 0 
0 0 0 2 0 2 0 0 0 0 0 0 0 0 1 0 0 0 0 
0 0 0 0 2 1 0 2 0 0 1 0 0 0 0 1 0 0 0 
0 0 0 0 0 0 0 0 0 0 0 0 0 0 0 0 0 0 0 
0 0 0 0 0 0 0 0 0 0 0 0 0 0 0 0 0 0 0 
Play your move: 
Played: 10 11 
move number: 51
color: 
0 0 0 0 0 0 0 0 0 0 0 0 0 0 0 0 0 0 0 
0 0 0 0 0 0 0 0 1 0 0 0 0 0 0 0 0 0 0 
0 0 0 0 0 2 2 1 0 2 0 0 1 0 0 0 0 0 0 
0 0 0 2 2 1 1 1 1 0 2 0 0 0 0 1 0 0 0 
0 0 0 0 0 0 0 2 0 0 2 1 0 0 0 0 1 0 0 
0 0 0 0 0 2 1 0 1 0 2 0 0 0 0 1 2 0 0 
0 0 0 0 0 2 0 0 0 0 0 0 0 0 0 0 0 0 0 
0 0 0 0 0 0 0 1 0 0 2 0 0 0 0 1 0 0 0 
0 0 0 0 0 0 0 1 2 1 2 0 0 0 0 0 0 0 0 
0 0 2 0 0 2 0 0 0 0 2 0 0 0 0 0 0 0 0 
0 0 0 0 0 0 2 0 1 0 0 0 0 0 0 0 0 0 0 
0 0 0 0 0 0 0 0 0 0 1 0 0 0 0 0 1 0 0 
0 0 0 0 0 0 0 0 0 0 0 0 0 0 0 0 0 0 0 
0 0 1 1 0 0 0 0 0 0 0 0 0 0 0 0 0 0 0 
0 0 2 0 0 0 0 0 0 0 0 0 0 0 0 0 2 0 0 
0 0 0 2 0 2 0 0 0 0 0 0 0 0 1 0 0 0 0 
0 0 0 0 2 1 0 2 0 0 1 0 0 0 0 1 0 0 0 
0 0 0 0 0 0 0 0 0 0 0 0 0 0 0 0 0 0 0 
0 0 0 0 0 0 0 0 0 0 0 0 0 0 0 0 0 0 0 
Play your move: 
Played: 8 7 
move number: 52
color: 
0 0 0 0 0 0 0 0 0 0 0 0 0 0 0 0 0 0 0 
0 0 0 0 0 0 0 0 1 0 0 0 0 0 0 0 0 0 0 
0 0 0 0 0 2 2 1 0 2 0 0 1 0 0 0 0 0 0 
0 0 0 2 2 1 1 1 1 0 2 0 0 0 0 1 0 0 0 
0 0 0 0 0 0 0 2 0 0 2 1 0 0 0 0 1 0 0 
0 0 0 0 0 2 1 0 1 0 2 0 0 0 0 1 2 0 0 
0 0 0 0 0 2 0 0 0 0 0 0 0 0 0 0 0 0 0 
0 0 0 0 0 0 0 1 2 0 2 0 0 0 0 1 0 0 0 
0 0 0 0 0 0 0 1 2 1 2 0 0 0 0 0 0 0 0 
0 0 2 0 0 2 0 0 0 0 2 0 0 0 0 0 0 0 0 
0 0 0 0 0 0 2 0 1 0 0 0 0 0 0 0 0 0 0 
0 0 0 0 0 0 0 0 0 0 1 0 0 0 0 0 1 0 0 
0 0 0 0 0 0 0 0 0 0 0 0 0 0 0 0 0 0 0 
0 0 1 1 0 0 0 0 0 0 0 0 0 0 0 0 0 0 0 
0 0 2 0 0 0 0 0 0 0 0 0 0 0 0 0 2 0 0 
0 0 0 2 0 2 0 0 0 0 0 0 0 0 1 0 0 0 0 
0 0 0 0 2 1 0 2 0 0 1 0 0 0 0 1 0 0 0 
0 0 0 0 0 0 0 0 0 0 0 0 0 0 0 0 0 0 0 
0 0 0 0 0 0 0 0 0 0 0 0 0 0 0 0 0 0 0 
Play your move: 
Played: 7 9 
move number: 53
color: 
0 0 0 0 0 0 0 0 0 0 0 0 0 0 0 0 0 0 0 
0 0 0 0 0 0 0 0 1 0 0 0 0 0 0 0 0 0 0 
0 0 0 0 0 2 2 1 0 2 0 0 1 0 0 0 0 0 0 
0 0 0 2 2 1 1 1 1 0 2 0 0 0 0 1 0 0 0 
0 0 0 0 0 0 0 2 0 0 2 1 0 0 0 0 1 0 0 
0 0 0 0 0 2 1 0 1 0 2 0 0 0 0 1 2 0 0 
0 0 0 0 0 2 0 0 0 0 0 0 0 0 0 0 0 0 0 
0 0 0 0 0 0 0 1 2 0 2 0 0 0 0 1 0 0 0 
0 0 0 0 0 0 0 1 2 1 2 0 0 0 0 0 0 0 0 
0 0 2 0 0 2 0 1 0 0 2 0 0 0 0 0 0 0 0 
0 0 0 0 0 0 2 0 1 0 0 0 0 0 0 0 0 0 0 
0 0 0 0 0 0 0 0 0 0 1 0 0 0 0 0 1 0 0 
0 0 0 0 0 0 0 0 0 0 0 0 0 0 0 0 0 0 0 
0 0 1 1 0 0 0 0 0 0 0 0 0 0 0 0 0 0 0 
0 0 2 0 0 0 0 0 0 0 0 0 0 0 0 0 2 0 0 
0 0 0 2 0 2 0 0 0 0 0 0 0 0 1 0 0 0 0 
0 0 0 0 2 1 0 2 0 0 1 0 0 0 0 1 0 0 0 
0 0 0 0 0 0 0 0 0 0 0 0 0 0 0 0 0 0 0 
0 0 0 0 0 0 0 0 0 0 0 0 0 0 0 0 0 0 0 
Play your move: 
Played: 14 8 
move number: 54
color: 
0 0 0 0 0 0 0 0 0 0 0 0 0 0 0 0 0 0 0 
0 0 0 0 0 0 0 0 1 0 0 0 0 0 0 0 0 0 0 
0 0 0 0 0 2 2 1 0 2 0 0 1 0 0 0 0 0 0 
0 0 0 2 2 1 1 1 1 0 2 0 0 0 0 1 0 0 0 
0 0 0 0 0 0 0 2 0 0 2 1 0 0 0 0 1 0 0 
0 0 0 0 0 2 1 0 1 0 2 0 0 0 0 1 2 0 0 
0 0 0 0 0 2 0 0 0 0 0 0 0 0 0 0 0 0 0 
0 0 0 0 0 0 0 1 2 0 2 0 0 0 0 1 0 0 0 
0 0 0 0 0 0 0 1 2 1 2 0 0 0 2 0 0 0 0 
0 0 2 0 0 2 0 1 0 0 2 0 0 0 0 0 0 0 0 
0 0 0 0 0 0 2 0 1 0 0 0 0 0 0 0 0 0 0 
0 0 0 0 0 0 0 0 0 0 1 0 0 0 0 0 1 0 0 
0 0 0 0 0 0 0 0 0 0 0 0 0 0 0 0 0 0 0 
0 0 1 1 0 0 0 0 0 0 0 0 0 0 0 0 0 0 0 
0 0 2 0 0 0 0 0 0 0 0 0 0 0 0 0 2 0 0 
0 0 0 2 0 2 0 0 0 0 0 0 0 0 1 0 0 0 0 
0 0 0 0 2 1 0 2 0 0 1 0 0 0 0 1 0 0 0 
0 0 0 0 0 0 0 0 0 0 0 0 0 0 0 0 0 0 0 
0 0 0 0 0 0 0 0 0 0 0 0 0 0 0 0 0 0 0 
Play your move: 
Played: 13 10 
move number: 55
color: 
0 0 0 0 0 0 0 0 0 0 0 0 0 0 0 0 0 0 0 
0 0 0 0 0 0 0 0 1 0 0 0 0 0 0 0 0 0 0 
0 0 0 0 0 2 2 1 0 2 0 0 1 0 0 0 0 0 0 
0 0 0 2 2 1 1 1 1 0 2 0 0 0 0 1 0 0 0 
0 0 0 0 0 0 0 2 0 0 2 1 0 0 0 0 1 0 0 
0 0 0 0 0 2 1 0 1 0 2 0 0 0 0 1 2 0 0 
0 0 0 0 0 2 0 0 0 0 0 0 0 0 0 0 0 0 0 
0 0 0 0 0 0 0 1 2 0 2 0 0 0 0 1 0 0 0 
0 0 0 0 0 0 0 1 2 1 2 0 0 0 2 0 0 0 0 
0 0 2 0 0 2 0 1 0 0 2 0 0 0 0 0 0 0 0 
0 0 0 0 0 0 2 0 1 0 0 0 0 1 0 0 0 0 0 
0 0 0 0 0 0 0 0 0 0 1 0 0 0 0 0 1 0 0 
0 0 0 0 0 0 0 0 0 0 0 0 0 0 0 0 0 0 0 
0 0 1 1 0 0 0 0 0 0 0 0 0 0 0 0 0 0 0 
0 0 2 0 0 0 0 0 0 0 0 0 0 0 0 0 2 0 0 
0 0 0 2 0 2 0 0 0 0 0 0 0 0 1 0 0 0 0 
0 0 0 0 2 1 0 2 0 0 1 0 0 0 0 1 0 0 0 
0 0 0 0 0 0 0 0 0 0 0 0 0 0 0 0 0 0 0 
0 0 0 0 0 0 0 0 0 0 0 0 0 0 0 0 0 0 0 
Play your move: 
Played: 12 9 
move number: 56
color: 
0 0 0 0 0 0 0 0 0 0 0 0 0 0 0 0 0 0 0 
0 0 0 0 0 0 0 0 1 0 0 0 0 0 0 0 0 0 0 
0 0 0 0 0 2 2 1 0 2 0 0 1 0 0 0 0 0 0 
0 0 0 2 2 1 1 1 1 0 2 0 0 0 0 1 0 0 0 
0 0 0 0 0 0 0 2 0 0 2 1 0 0 0 0 1 0 0 
0 0 0 0 0 2 1 0 1 0 2 0 0 0 0 1 2 0 0 
0 0 0 0 0 2 0 0 0 0 0 0 0 0 0 0 0 0 0 
0 0 0 0 0 0 0 1 2 0 2 0 0 0 0 1 0 0 0 
0 0 0 0 0 0 0 1 2 1 2 0 0 0 2 0 0 0 0 
0 0 2 0 0 2 0 1 0 0 2 0 2 0 0 0 0 0 0 
0 0 0 0 0 0 2 0 1 0 0 0 0 1 0 0 0 0 0 
0 0 0 0 0 0 0 0 0 0 1 0 0 0 0 0 1 0 0 
0 0 0 0 0 0 0 0 0 0 0 0 0 0 0 0 0 0 0 
0 0 1 1 0 0 0 0 0 0 0 0 0 0 0 0 0 0 0 
0 0 2 0 0 0 0 0 0 0 0 0 0 0 0 0 2 0 0 
0 0 0 2 0 2 0 0 0 0 0 0 0 0 1 0 0 0 0 
0 0 0 0 2 1 0 2 0 0 1 0 0 0 0 1 0 0 0 
0 0 0 0 0 0 0 0 0 0 0 0 0 0 0 0 0 0 0 
0 0 0 0 0 0 0 0 0 0 0 0 0 0 0 0 0 0 0 
Play your move: 
Played: 6 13 
move number: 57
color: 
0 0 0 0 0 0 0 0 0 0 0 0 0 0 0 0 0 0 0 
0 0 0 0 0 0 0 0 1 0 0 0 0 0 0 0 0 0 0 
0 0 0 0 0 2 2 1 0 2 0 0 1 0 0 0 0 0 0 
0 0 0 2 2 1 1 1 1 0 2 0 0 0 0 1 0 0 0 
0 0 0 0 0 0 0 2 0 0 2 1 0 0 0 0 1 0 0 
0 0 0 0 0 2 1 0 1 0 2 0 0 0 0 1 2 0 0 
0 0 0 0 0 2 0 0 0 0 0 0 0 0 0 0 0 0 0 
0 0 0 0 0 0 0 1 2 0 2 0 0 0 0 1 0 0 0 
0 0 0 0 0 0 0 1 2 1 2 0 0 0 2 0 0 0 0 
0 0 2 0 0 2 0 1 0 0 2 0 2 0 0 0 0 0 0 
0 0 0 0 0 0 2 0 1 0 0 0 0 1 0 0 0 0 0 
0 0 0 0 0 0 0 0 0 0 1 0 0 0 0 0 1 0 0 
0 0 0 0 0 0 0 0 0 0 0 0 0 0 0 0 0 0 0 
0 0 1 1 0 0 1 0 0 0 0 0 0 0 0 0 0 0 0 
0 0 2 0 0 0 0 0 0 0 0 0 0 0 0 0 2 0 0 
0 0 0 2 0 2 0 0 0 0 0 0 0 0 1 0 0 0 0 
0 0 0 0 2 1 0 2 0 0 1 0 0 0 0 1 0 0 0 
0 0 0 0 0 0 0 0 0 0 0 0 0 0 0 0 0 0 0 
0 0 0 0 0 0 0 0 0 0 0 0 0 0 0 0 0 0 0 
Play your move: 
Played: 11 11 
move number: 58
color: 
0 0 0 0 0 0 0 0 0 0 0 0 0 0 0 0 0 0 0 
0 0 0 0 0 0 0 0 1 0 0 0 0 0 0 0 0 0 0 
0 0 0 0 0 2 2 1 0 2 0 0 1 0 0 0 0 0 0 
0 0 0 2 2 1 1 1 1 0 2 0 0 0 0 1 0 0 0 
0 0 0 0 0 0 0 2 0 0 2 1 0 0 0 0 1 0 0 
0 0 0 0 0 2 1 0 1 0 2 0 0 0 0 1 2 0 0 
0 0 0 0 0 2 0 0 0 0 0 0 0 0 0 0 0 0 0 
0 0 0 0 0 0 0 1 2 0 2 0 0 0 0 1 0 0 0 
0 0 0 0 0 0 0 1 2 1 2 0 0 0 2 0 0 0 0 
0 0 2 0 0 2 0 1 0 0 2 0 2 0 0 0 0 0 0 
0 0 0 0 0 0 2 0 1 0 0 0 0 1 0 0 0 0 0 
0 0 0 0 0 0 0 0 0 0 1 2 0 0 0 0 1 0 0 
0 0 0 0 0 0 0 0 0 0 0 0 0 0 0 0 0 0 0 
0 0 1 1 0 0 1 0 0 0 0 0 0 0 0 0 0 0 0 
0 0 2 0 0 0 0 0 0 0 0 0 0 0 0 0 2 0 0 
0 0 0 2 0 2 0 0 0 0 0 0 0 0 1 0 0 0 0 
0 0 0 0 2 1 0 2 0 0 1 0 0 0 0 1 0 0 0 
0 0 0 0 0 0 0 0 0 0 0 0 0 0 0 0 0 0 0 
0 0 0 0 0 0 0 0 0 0 0 0 0 0 0 0 0 0 0 
Play your move: 
Played: 11 10 
move number: 59
color: 
0 0 0 0 0 0 0 0 0 0 0 0 0 0 0 0 0 0 0 
0 0 0 0 0 0 0 0 1 0 0 0 0 0 0 0 0 0 0 
0 0 0 0 0 2 2 1 0 2 0 0 1 0 0 0 0 0 0 
0 0 0 2 2 1 1 1 1 0 2 0 0 0 0 1 0 0 0 
0 0 0 0 0 0 0 2 0 0 2 1 0 0 0 0 1 0 0 
0 0 0 0 0 2 1 0 1 0 2 0 0 0 0 1 2 0 0 
0 0 0 0 0 2 0 0 0 0 0 0 0 0 0 0 0 0 0 
0 0 0 0 0 0 0 1 2 0 2 0 0 0 0 1 0 0 0 
0 0 0 0 0 0 0 1 2 1 2 0 0 0 2 0 0 0 0 
0 0 2 0 0 2 0 1 0 0 2 0 2 0 0 0 0 0 0 
0 0 0 0 0 0 2 0 1 0 0 1 0 1 0 0 0 0 0 
0 0 0 0 0 0 0 0 0 0 1 2 0 0 0 0 1 0 0 
0 0 0 0 0 0 0 0 0 0 0 0 0 0 0 0 0 0 0 
0 0 1 1 0 0 1 0 0 0 0 0 0 0 0 0 0 0 0 
0 0 2 0 0 0 0 0 0 0 0 0 0 0 0 0 2 0 0 
0 0 0 2 0 2 0 0 0 0 0 0 0 0 1 0 0 0 0 
0 0 0 0 2 1 0 2 0 0 1 0 0 0 0 1 0 0 0 
0 0 0 0 0 0 0 0 0 0 0 0 0 0 0 0 0 0 0 
0 0 0 0 0 0 0 0 0 0 0 0 0 0 0 0 0 0 0 
Play your move: 
Played: 12 10 
move number: 60
color: 
0 0 0 0 0 0 0 0 0 0 0 0 0 0 0 0 0 0 0 
0 0 0 0 0 0 0 0 1 0 0 0 0 0 0 0 0 0 0 
0 0 0 0 0 2 2 1 0 2 0 0 1 0 0 0 0 0 0 
0 0 0 2 2 1 1 1 1 0 2 0 0 0 0 1 0 0 0 
0 0 0 0 0 0 0 2 0 0 2 1 0 0 0 0 1 0 0 
0 0 0 0 0 2 1 0 1 0 2 0 0 0 0 1 2 0 0 
0 0 0 0 0 2 0 0 0 0 0 0 0 0 0 0 0 0 0 
0 0 0 0 0 0 0 1 2 0 2 0 0 0 0 1 0 0 0 
0 0 0 0 0 0 0 1 2 1 2 0 0 0 2 0 0 0 0 
0 0 2 0 0 2 0 1 0 0 2 0 2 0 0 0 0 0 0 
0 0 0 0 0 0 2 0 1 0 0 1 2 1 0 0 0 0 0 
0 0 0 0 0 0 0 0 0 0 1 2 0 0 0 0 1 0 0 
0 0 0 0 0 0 0 0 0 0 0 0 0 0 0 0 0 0 0 
0 0 1 1 0 0 1 0 0 0 0 0 0 0 0 0 0 0 0 
0 0 2 0 0 0 0 0 0 0 0 0 0 0 0 0 2 0 0 
0 0 0 2 0 2 0 0 0 0 0 0 0 0 1 0 0 0 0 
0 0 0 0 2 1 0 2 0 0 1 0 0 0 0 1 0 0 0 
0 0 0 0 0 0 0 0 0 0 0 0 0 0 0 0 0 0 0 
0 0 0 0 0 0 0 0 0 0 0 0 0 0 0 0 0 0 0 
Play your move: 
Played: 12 11 
move number: 61
color: 
0 0 0 0 0 0 0 0 0 0 0 0 0 0 0 0 0 0 0 
0 0 0 0 0 0 0 0 1 0 0 0 0 0 0 0 0 0 0 
0 0 0 0 0 2 2 1 0 2 0 0 1 0 0 0 0 0 0 
0 0 0 2 2 1 1 1 1 0 2 0 0 0 0 1 0 0 0 
0 0 0 0 0 0 0 2 0 0 2 1 0 0 0 0 1 0 0 
0 0 0 0 0 2 1 0 1 0 2 0 0 0 0 1 2 0 0 
0 0 0 0 0 2 0 0 0 0 0 0 0 0 0 0 0 0 0 
0 0 0 0 0 0 0 1 2 0 2 0 0 0 0 1 0 0 0 
0 0 0 0 0 0 0 1 2 1 2 0 0 0 2 0 0 0 0 
0 0 2 0 0 2 0 1 0 0 2 0 2 0 0 0 0 0 0 
0 0 0 0 0 0 2 0 1 0 0 1 2 1 0 0 0 0 0 
0 0 0 0 0 0 0 0 0 0 1 2 1 0 0 0 1 0 0 
0 0 0 0 0 0 0 0 0 0 0 0 0 0 0 0 0 0 0 
0 0 1 1 0 0 1 0 0 0 0 0 0 0 0 0 0 0 0 
0 0 2 0 0 0 0 0 0 0 0 0 0 0 0 0 2 0 0 
0 0 0 2 0 2 0 0 0 0 0 0 0 0 1 0 0 0 0 
0 0 0 0 2 1 0 2 0 0 1 0 0 0 0 1 0 0 0 
0 0 0 0 0 0 0 0 0 0 0 0 0 0 0 0 0 0 0 
0 0 0 0 0 0 0 0 0 0 0 0 0 0 0 0 0 0 0 
Play your move: 
Played: 11 12 
move number: 62
color: 
0 0 0 0 0 0 0 0 0 0 0 0 0 0 0 0 0 0 0 
0 0 0 0 0 0 0 0 1 0 0 0 0 0 0 0 0 0 0 
0 0 0 0 0 2 2 1 0 2 0 0 1 0 0 0 0 0 0 
0 0 0 2 2 1 1 1 1 0 2 0 0 0 0 1 0 0 0 
0 0 0 0 0 0 0 2 0 0 2 1 0 0 0 0 1 0 0 
0 0 0 0 0 2 1 0 1 0 2 0 0 0 0 1 2 0 0 
0 0 0 0 0 2 0 0 0 0 0 0 0 0 0 0 0 0 0 
0 0 0 0 0 0 0 1 2 0 2 0 0 0 0 1 0 0 0 
0 0 0 0 0 0 0 1 2 1 2 0 0 0 2 0 0 0 0 
0 0 2 0 0 2 0 1 0 0 2 0 2 0 0 0 0 0 0 
0 0 0 0 0 0 2 0 1 0 0 1 2 1 0 0 0 0 0 
0 0 0 0 0 0 0 0 0 0 1 2 1 0 0 0 1 0 0 
0 0 0 0 0 0 0 0 0 0 0 2 0 0 0 0 0 0 0 
0 0 1 1 0 0 1 0 0 0 0 0 0 0 0 0 0 0 0 
0 0 2 0 0 0 0 0 0 0 0 0 0 0 0 0 2 0 0 
0 0 0 2 0 2 0 0 0 0 0 0 0 0 1 0 0 0 0 
0 0 0 0 2 1 0 2 0 0 1 0 0 0 0 1 0 0 0 
0 0 0 0 0 0 0 0 0 0 0 0 0 0 0 0 0 0 0 
0 0 0 0 0 0 0 0 0 0 0 0 0 0 0 0 0 0 0 
Play your move: 
Played: 10 10 
move number: 63
color: 
0 0 0 0 0 0 0 0 0 0 0 0 0 0 0 0 0 0 0 
0 0 0 0 0 0 0 0 1 0 0 0 0 0 0 0 0 0 0 
0 0 0 0 0 2 2 1 0 2 0 0 1 0 0 0 0 0 0 
0 0 0 2 2 1 1 1 1 0 2 0 0 0 0 1 0 0 0 
0 0 0 0 0 0 0 2 0 0 2 1 0 0 0 0 1 0 0 
0 0 0 0 0 2 1 0 1 0 2 0 0 0 0 1 2 0 0 
0 0 0 0 0 2 0 0 0 0 0 0 0 0 0 0 0 0 0 
0 0 0 0 0 0 0 1 2 0 2 0 0 0 0 1 0 0 0 
0 0 0 0 0 0 0 1 2 1 2 0 0 0 2 0 0 0 0 
0 0 2 0 0 2 0 1 0 0 2 0 2 0 0 0 0 0 0 
0 0 0 0 0 0 2 0 1 0 1 1 2 1 0 0 0 0 0 
0 0 0 0 0 0 0 0 0 0 1 2 1 0 0 0 1 0 0 
0 0 0 0 0 0 0 0 0 0 0 2 0 0 0 0 0 0 0 
0 0 1 1 0 0 1 0 0 0 0 0 0 0 0 0 0 0 0 
0 0 2 0 0 0 0 0 0 0 0 0 0 0 0 0 2 0 0 
0 0 0 2 0 2 0 0 0 0 0 0 0 0 1 0 0 0 0 
0 0 0 0 2 1 0 2 0 0 1 0 0 0 0 1 0 0 0 
0 0 0 0 0 0 0 0 0 0 0 0 0 0 0 0 0 0 0 
0 0 0 0 0 0 0 0 0 0 0 0 0 0 0 0 0 0 0 
Play your move: 
Played: 8 11 
move number: 64
color: 
0 0 0 0 0 0 0 0 0 0 0 0 0 0 0 0 0 0 0 
0 0 0 0 0 0 0 0 1 0 0 0 0 0 0 0 0 0 0 
0 0 0 0 0 2 2 1 0 2 0 0 1 0 0 0 0 0 0 
0 0 0 2 2 1 1 1 1 0 2 0 0 0 0 1 0 0 0 
0 0 0 0 0 0 0 2 0 0 2 1 0 0 0 0 1 0 0 
0 0 0 0 0 2 1 0 1 0 2 0 0 0 0 1 2 0 0 
0 0 0 0 0 2 0 0 0 0 0 0 0 0 0 0 0 0 0 
0 0 0 0 0 0 0 1 2 0 2 0 0 0 0 1 0 0 0 
0 0 0 0 0 0 0 1 2 1 2 0 0 0 2 0 0 0 0 
0 0 2 0 0 2 0 1 0 0 2 0 2 0 0 0 0 0 0 
0 0 0 0 0 0 2 0 1 0 1 1 2 1 0 0 0 0 0 
0 0 0 0 0 0 0 0 2 0 1 2 1 0 0 0 1 0 0 
0 0 0 0 0 0 0 0 0 0 0 2 0 0 0 0 0 0 0 
0 0 1 1 0 0 1 0 0 0 0 0 0 0 0 0 0 0 0 
0 0 2 0 0 0 0 0 0 0 0 0 0 0 0 0 2 0 0 
0 0 0 2 0 2 0 0 0 0 0 0 0 0 1 0 0 0 0 
0 0 0 0 2 1 0 2 0 0 1 0 0 0 0 1 0 0 0 
0 0 0 0 0 0 0 0 0 0 0 0 0 0 0 0 0 0 0 
0 0 0 0 0 0 0 0 0 0 0 0 0 0 0 0 0 0 0 
Play your move: 
Played: 7 11 
move number: 65
color: 
0 0 0 0 0 0 0 0 0 0 0 0 0 0 0 0 0 0 0 
0 0 0 0 0 0 0 0 1 0 0 0 0 0 0 0 0 0 0 
0 0 0 0 0 2 2 1 0 2 0 0 1 0 0 0 0 0 0 
0 0 0 2 2 1 1 1 1 0 2 0 0 0 0 1 0 0 0 
0 0 0 0 0 0 0 2 0 0 2 1 0 0 0 0 1 0 0 
0 0 0 0 0 2 1 0 1 0 2 0 0 0 0 1 2 0 0 
0 0 0 0 0 2 0 0 0 0 0 0 0 0 0 0 0 0 0 
0 0 0 0 0 0 0 1 2 0 2 0 0 0 0 1 0 0 0 
0 0 0 0 0 0 0 1 2 1 2 0 0 0 2 0 0 0 0 
0 0 2 0 0 2 0 1 0 0 2 0 2 0 0 0 0 0 0 
0 0 0 0 0 0 2 0 1 0 1 1 2 1 0 0 0 0 0 
0 0 0 0 0 0 0 1 2 0 1 2 1 0 0 0 1 0 0 
0 0 0 0 0 0 0 0 0 0 0 2 0 0 0 0 0 0 0 
0 0 1 1 0 0 1 0 0 0 0 0 0 0 0 0 0 0 0 
0 0 2 0 0 0 0 0 0 0 0 0 0 0 0 0 2 0 0 
0 0 0 2 0 2 0 0 0 0 0 0 0 0 1 0 0 0 0 
0 0 0 0 2 1 0 2 0 0 1 0 0 0 0 1 0 0 0 
0 0 0 0 0 0 0 0 0 0 0 0 0 0 0 0 0 0 0 
0 0 0 0 0 0 0 0 0 0 0 0 0 0 0 0 0 0 0 
Play your move: 
Played: 7 10 
move number: 66
color: 
0 0 0 0 0 0 0 0 0 0 0 0 0 0 0 0 0 0 0 
0 0 0 0 0 0 0 0 1 0 0 0 0 0 0 0 0 0 0 
0 0 0 0 0 2 2 1 0 2 0 0 1 0 0 0 0 0 0 
0 0 0 2 2 1 1 1 1 0 2 0 0 0 0 1 0 0 0 
0 0 0 0 0 0 0 2 0 0 2 1 0 0 0 0 1 0 0 
0 0 0 0 0 2 1 0 1 0 2 0 0 0 0 1 2 0 0 
0 0 0 0 0 2 0 0 0 0 0 0 0 0 0 0 0 0 0 
0 0 0 0 0 0 0 1 2 0 2 0 0 0 0 1 0 0 0 
0 0 0 0 0 0 0 1 2 1 2 0 0 0 2 0 0 0 0 
0 0 2 0 0 2 0 1 0 0 2 0 2 0 0 0 0 0 0 
0 0 0 0 0 0 2 2 1 0 1 1 2 1 0 0 0 0 0 
0 0 0 0 0 0 0 1 2 0 1 2 1 0 0 0 1 0 0 
0 0 0 0 0 0 0 0 0 0 0 2 0 0 0 0 0 0 0 
0 0 1 1 0 0 1 0 0 0 0 0 0 0 0 0 0 0 0 
0 0 2 0 0 0 0 0 0 0 0 0 0 0 0 0 2 0 0 
0 0 0 2 0 2 0 0 0 0 0 0 0 0 1 0 0 0 0 
0 0 0 0 2 1 0 2 0 0 1 0 0 0 0 1 0 0 0 
0 0 0 0 0 0 0 0 0 0 0 0 0 0 0 0 0 0 0 
0 0 0 0 0 0 0 0 0 0 0 0 0 0 0 0 0 0 0 
Play your move: 
Played: 8 9 
move number: 67
color: 
0 0 0 0 0 0 0 0 0 0 0 0 0 0 0 0 0 0 0 
0 0 0 0 0 0 0 0 1 0 0 0 0 0 0 0 0 0 0 
0 0 0 0 0 2 2 1 0 2 0 0 1 0 0 0 0 0 0 
0 0 0 2 2 1 1 1 1 0 2 0 0 0 0 1 0 0 0 
0 0 0 0 0 0 0 2 0 0 2 1 0 0 0 0 1 0 0 
0 0 0 0 0 2 1 0 1 0 2 0 0 0 0 1 2 0 0 
0 0 0 0 0 2 0 0 0 0 0 0 0 0 0 0 0 0 0 
0 0 0 0 0 0 0 1 2 0 2 0 0 0 0 1 0 0 0 
0 0 0 0 0 0 0 1 2 1 2 0 0 0 2 0 0 0 0 
0 0 2 0 0 2 0 1 1 0 2 0 2 0 0 0 0 0 0 
0 0 0 0 0 0 2 2 1 0 1 1 2 1 0 0 0 0 0 
0 0 0 0 0 0 0 1 2 0 1 2 1 0 0 0 1 0 0 
0 0 0 0 0 0 0 0 0 0 0 2 0 0 0 0 0 0 0 
0 0 1 1 0 0 1 0 0 0 0 0 0 0 0 0 0 0 0 
0 0 2 0 0 0 0 0 0 0 0 0 0 0 0 0 2 0 0 
0 0 0 2 0 2 0 0 0 0 0 0 0 0 1 0 0 0 0 
0 0 0 0 2 1 0 2 0 0 1 0 0 0 0 1 0 0 0 
0 0 0 0 0 0 0 0 0 0 0 0 0 0 0 0 0 0 0 
0 0 0 0 0 0 0 0 0 0 0 0 0 0 0 0 0 0 0 
Play your move: 
Played: 8 12 
move number: 68
color: 
0 0 0 0 0 0 0 0 0 0 0 0 0 0 0 0 0 0 0 
0 0 0 0 0 0 0 0 1 0 0 0 0 0 0 0 0 0 0 
0 0 0 0 0 2 2 1 0 2 0 0 1 0 0 0 0 0 0 
0 0 0 2 2 1 1 1 1 0 2 0 0 0 0 1 0 0 0 
0 0 0 0 0 0 0 2 0 0 2 1 0 0 0 0 1 0 0 
0 0 0 0 0 2 1 0 1 0 2 0 0 0 0 1 2 0 0 
0 0 0 0 0 2 0 0 0 0 0 0 0 0 0 0 0 0 0 
0 0 0 0 0 0 0 1 2 0 2 0 0 0 0 1 0 0 0 
0 0 0 0 0 0 0 1 2 1 2 0 0 0 2 0 0 0 0 
0 0 2 0 0 2 0 1 1 0 2 0 2 0 0 0 0 0 0 
0 0 0 0 0 0 2 2 1 0 1 1 2 1 0 0 0 0 0 
0 0 0 0 0 0 0 1 2 0 1 2 1 0 0 0 1 0 0 
0 0 0 0 0 0 0 0 2 0 0 2 0 0 0 0 0 0 0 
0 0 1 1 0 0 1 0 0 0 0 0 0 0 0 0 0 0 0 
0 0 2 0 0 0 0 0 0 0 0 0 0 0 0 0 2 0 0 
0 0 0 2 0 2 0 0 0 0 0 0 0 0 1 0 0 0 0 
0 0 0 0 2 1 0 2 0 0 1 0 0 0 0 1 0 0 0 
0 0 0 0 0 0 0 0 0 0 0 0 0 0 0 0 0 0 0 
0 0 0 0 0 0 0 0 0 0 0 0 0 0 0 0 0 0 0 
Play your move: 
Played: 13 11 
move number: 69
color: 
0 0 0 0 0 0 0 0 0 0 0 0 0 0 0 0 0 0 0 
0 0 0 0 0 0 0 0 1 0 0 0 0 0 0 0 0 0 0 
0 0 0 0 0 2 2 1 0 2 0 0 1 0 0 0 0 0 0 
0 0 0 2 2 1 1 1 1 0 2 0 0 0 0 1 0 0 0 
0 0 0 0 0 0 0 2 0 0 2 1 0 0 0 0 1 0 0 
0 0 0 0 0 2 1 0 1 0 2 0 0 0 0 1 2 0 0 
0 0 0 0 0 2 0 0 0 0 0 0 0 0 0 0 0 0 0 
0 0 0 0 0 0 0 1 2 0 2 0 0 0 0 1 0 0 0 
0 0 0 0 0 0 0 1 2 1 2 0 0 0 2 0 0 0 0 
0 0 2 0 0 2 0 1 1 0 2 0 2 0 0 0 0 0 0 
0 0 0 0 0 0 2 2 1 0 1 1 2 1 0 0 0 0 0 
0 0 0 0 0 0 0 1 2 0 1 2 1 1 0 0 1 0 0 
0 0 0 0 0 0 0 0 2 0 0 2 0 0 0 0 0 0 0 
0 0 1 1 0 0 1 0 0 0 0 0 0 0 0 0 0 0 0 
0 0 2 0 0 0 0 0 0 0 0 0 0 0 0 0 2 0 0 
0 0 0 2 0 2 0 0 0 0 0 0 0 0 1 0 0 0 0 
0 0 0 0 2 1 0 2 0 0 1 0 0 0 0 1 0 0 0 
0 0 0 0 0 0 0 0 0 0 0 0 0 0 0 0 0 0 0 
0 0 0 0 0 0 0 0 0 0 0 0 0 0 0 0 0 0 0 
Play your move: 
Played: 10 12 
move number: 70
color: 
0 0 0 0 0 0 0 0 0 0 0 0 0 0 0 0 0 0 0 
0 0 0 0 0 0 0 0 1 0 0 0 0 0 0 0 0 0 0 
0 0 0 0 0 2 2 1 0 2 0 0 1 0 0 0 0 0 0 
0 0 0 2 2 1 1 1 1 0 2 0 0 0 0 1 0 0 0 
0 0 0 0 0 0 0 2 0 0 2 1 0 0 0 0 1 0 0 
0 0 0 0 0 2 1 0 1 0 2 0 0 0 0 1 2 0 0 
0 0 0 0 0 2 0 0 0 0 0 0 0 0 0 0 0 0 0 
0 0 0 0 0 0 0 1 2 0 2 0 0 0 0 1 0 0 0 
0 0 0 0 0 0 0 1 2 1 2 0 0 0 2 0 0 0 0 
0 0 2 0 0 2 0 1 1 0 2 0 2 0 0 0 0 0 0 
0 0 0 0 0 0 2 2 1 0 1 1 2 1 0 0 0 0 0 
0 0 0 0 0 0 0 1 2 0 1 2 1 1 0 0 1 0 0 
0 0 0 0 0 0 0 0 2 0 2 2 0 0 0 0 0 0 0 
0 0 1 1 0 0 1 0 0 0 0 0 0 0 0 0 0 0 0 
0 0 2 0 0 0 0 0 0 0 0 0 0 0 0 0 2 0 0 
0 0 0 2 0 2 0 0 0 0 0 0 0 0 1 0 0 0 0 
0 0 0 0 2 1 0 2 0 0 1 0 0 0 0 1 0 0 0 
0 0 0 0 0 0 0 0 0 0 0 0 0 0 0 0 0 0 0 
0 0 0 0 0 0 0 0 0 0 0 0 0 0 0 0 0 0 0 
Play your move: 
Played: 9 10 
move number: 71
color: 
0 0 0 0 0 0 0 0 0 0 0 0 0 0 0 0 0 0 0 
0 0 0 0 0 0 0 0 1 0 0 0 0 0 0 0 0 0 0 
0 0 0 0 0 2 2 1 0 2 0 0 1 0 0 0 0 0 0 
0 0 0 2 2 1 1 1 1 0 2 0 0 0 0 1 0 0 0 
0 0 0 0 0 0 0 2 0 0 2 1 0 0 0 0 1 0 0 
0 0 0 0 0 2 1 0 1 0 2 0 0 0 0 1 2 0 0 
0 0 0 0 0 2 0 0 0 0 0 0 0 0 0 0 0 0 0 
0 0 0 0 0 0 0 1 2 0 2 0 0 0 0 1 0 0 0 
0 0 0 0 0 0 0 1 2 1 2 0 0 0 2 0 0 0 0 
0 0 2 0 0 2 0 1 1 0 2 0 2 0 0 0 0 0 0 
0 0 0 0 0 0 2 2 1 1 1 1 2 1 0 0 0 0 0 
0 0 0 0 0 0 0 1 2 0 1 2 1 1 0 0 1 0 0 
0 0 0 0 0 0 0 0 2 0 2 2 0 0 0 0 0 0 0 
0 0 1 1 0 0 1 0 0 0 0 0 0 0 0 0 0 0 0 
0 0 2 0 0 0 0 0 0 0 0 0 0 0 0 0 2 0 0 
0 0 0 2 0 2 0 0 0 0 0 0 0 0 1 0 0 0 0 
0 0 0 0 2 1 0 2 0 0 1 0 0 0 0 1 0 0 0 
0 0 0 0 0 0 0 0 0 0 0 0 0 0 0 0 0 0 0 
0 0 0 0 0 0 0 0 0 0 0 0 0 0 0 0 0 0 0 
Play your move: 
Played: 13 9 
move number: 72
color: 
0 0 0 0 0 0 0 0 0 0 0 0 0 0 0 0 0 0 0 
0 0 0 0 0 0 0 0 1 0 0 0 0 0 0 0 0 0 0 
0 0 0 0 0 2 2 1 0 2 0 0 1 0 0 0 0 0 0 
0 0 0 2 2 1 1 1 1 0 2 0 0 0 0 1 0 0 0 
0 0 0 0 0 0 0 2 0 0 2 1 0 0 0 0 1 0 0 
0 0 0 0 0 2 1 0 1 0 2 0 0 0 0 1 2 0 0 
0 0 0 0 0 2 0 0 0 0 0 0 0 0 0 0 0 0 0 
0 0 0 0 0 0 0 1 2 0 2 0 0 0 0 1 0 0 0 
0 0 0 0 0 0 0 1 2 1 2 0 0 0 2 0 0 0 0 
0 0 2 0 0 2 0 1 1 0 2 0 2 2 0 0 0 0 0 
0 0 0 0 0 0 2 2 1 1 1 1 2 1 0 0 0 0 0 
0 0 0 0 0 0 0 1 2 0 1 2 1 1 0 0 1 0 0 
0 0 0 0 0 0 0 0 2 0 2 2 0 0 0 0 0 0 0 
0 0 1 1 0 0 1 0 0 0 0 0 0 0 0 0 0 0 0 
0 0 2 0 0 0 0 0 0 0 0 0 0 0 0 0 2 0 0 
0 0 0 2 0 2 0 0 0 0 0 0 0 0 1 0 0 0 0 
0 0 0 0 2 1 0 2 0 0 1 0 0 0 0 1 0 0 0 
0 0 0 0 0 0 0 0 0 0 0 0 0 0 0 0 0 0 0 
0 0 0 0 0 0 0 0 0 0 0 0 0 0 0 0 0 0 0 
Play your move: 
Played: 11 9 
move number: 73
color: 
0 0 0 0 0 0 0 0 0 0 0 0 0 0 0 0 0 0 0 
0 0 0 0 0 0 0 0 1 0 0 0 0 0 0 0 0 0 0 
0 0 0 0 0 2 2 1 0 2 0 0 1 0 0 0 0 0 0 
0 0 0 2 2 1 1 1 1 0 2 0 0 0 0 1 0 0 0 
0 0 0 0 0 0 0 2 0 0 2 1 0 0 0 0 1 0 0 
0 0 0 0 0 2 1 0 1 0 2 0 0 0 0 1 2 0 0 
0 0 0 0 0 2 0 0 0 0 0 0 0 0 0 0 0 0 0 
0 0 0 0 0 0 0 1 2 0 2 0 0 0 0 1 0 0 0 
0 0 0 0 0 0 0 1 2 1 2 0 0 0 2 0 0 0 0 
0 0 2 0 0 2 0 1 1 0 2 1 2 2 0 0 0 0 0 
0 0 0 0 0 0 2 2 1 1 1 1 2 1 0 0 0 0 0 
0 0 0 0 0 0 0 1 2 0 1 2 1 1 0 0 1 0 0 
0 0 0 0 0 0 0 0 2 0 2 2 0 0 0 0 0 0 0 
0 0 1 1 0 0 1 0 0 0 0 0 0 0 0 0 0 0 0 
0 0 2 0 0 0 0 0 0 0 0 0 0 0 0 0 2 0 0 
0 0 0 2 0 2 0 0 0 0 0 0 0 0 1 0 0 0 0 
0 0 0 0 2 1 0 2 0 0 1 0 0 0 0 1 0 0 0 
0 0 0 0 0 0 0 0 0 0 0 0 0 0 0 0 0 0 0 
0 0 0 0 0 0 0 0 0 0 0 0 0 0 0 0 0 0 0 
Play your move: 
Played: 11 8 
move number: 74
color: 
0 0 0 0 0 0 0 0 0 0 0 0 0 0 0 0 0 0 0 
0 0 0 0 0 0 0 0 1 0 0 0 0 0 0 0 0 0 0 
0 0 0 0 0 2 2 1 0 2 0 0 1 0 0 0 0 0 0 
0 0 0 2 2 1 1 1 1 0 2 0 0 0 0 1 0 0 0 
0 0 0 0 0 0 0 2 0 0 2 1 0 0 0 0 1 0 0 
0 0 0 0 0 2 1 0 1 0 2 0 0 0 0 1 2 0 0 
0 0 0 0 0 2 0 0 0 0 0 0 0 0 0 0 0 0 0 
0 0 0 0 0 0 0 1 2 0 2 0 0 0 0 1 0 0 0 
0 0 0 0 0 0 0 1 2 1 2 2 0 0 2 0 0 0 0 
0 0 2 0 0 2 0 1 1 0 2 1 2 2 0 0 0 0 0 
0 0 0 0 0 0 2 2 1 1 1 1 2 1 0 0 0 0 0 
0 0 0 0 0 0 0 1 2 0 1 2 1 1 0 0 1 0 0 
0 0 0 0 0 0 0 0 2 0 2 2 0 0 0 0 0 0 0 
0 0 1 1 0 0 1 0 0 0 0 0 0 0 0 0 0 0 0 
0 0 2 0 0 0 0 0 0 0 0 0 0 0 0 0 2 0 0 
0 0 0 2 0 2 0 0 0 0 0 0 0 0 1 0 0 0 0 
0 0 0 0 2 1 0 2 0 0 1 0 0 0 0 1 0 0 0 
0 0 0 0 0 0 0 0 0 0 0 0 0 0 0 0 0 0 0 
0 0 0 0 0 0 0 0 0 0 0 0 0 0 0 0 0 0 0 
Play your move: 
Played: 11 6 
move number: 75
color: 
0 0 0 0 0 0 0 0 0 0 0 0 0 0 0 0 0 0 0 
0 0 0 0 0 0 0 0 1 0 0 0 0 0 0 0 0 0 0 
0 0 0 0 0 2 2 1 0 2 0 0 1 0 0 0 0 0 0 
0 0 0 2 2 1 1 1 1 0 2 0 0 0 0 1 0 0 0 
0 0 0 0 0 0 0 2 0 0 2 1 0 0 0 0 1 0 0 
0 0 0 0 0 2 1 0 1 0 2 0 0 0 0 1 2 0 0 
0 0 0 0 0 2 0 0 0 0 0 1 0 0 0 0 0 0 0 
0 0 0 0 0 0 0 1 2 0 2 0 0 0 0 1 0 0 0 
0 0 0 0 0 0 0 1 2 1 2 2 0 0 2 0 0 0 0 
0 0 2 0 0 2 0 1 1 0 2 1 2 2 0 0 0 0 0 
0 0 0 0 0 0 2 2 1 1 1 1 2 1 0 0 0 0 0 
0 0 0 0 0 0 0 1 2 0 1 2 1 1 0 0 1 0 0 
0 0 0 0 0 0 0 0 2 0 2 2 0 0 0 0 0 0 0 
0 0 1 1 0 0 1 0 0 0 0 0 0 0 0 0 0 0 0 
0 0 2 0 0 0 0 0 0 0 0 0 0 0 0 0 2 0 0 
0 0 0 2 0 2 0 0 0 0 0 0 0 0 1 0 0 0 0 
0 0 0 0 2 1 0 2 0 0 1 0 0 0 0 1 0 0 0 
0 0 0 0 0 0 0 0 0 0 0 0 0 0 0 0 0 0 0 
0 0 0 0 0 0 0 0 0 0 0 0 0 0 0 0 0 0 0 
Play your move: 
Played: 11 5 
move number: 76
color: 
0 0 0 0 0 0 0 0 0 0 0 0 0 0 0 0 0 0 0 
0 0 0 0 0 0 0 0 1 0 0 0 0 0 0 0 0 0 0 
0 0 0 0 0 2 2 1 0 2 0 0 1 0 0 0 0 0 0 
0 0 0 2 2 1 1 1 1 0 2 0 0 0 0 1 0 0 0 
0 0 0 0 0 0 0 2 0 0 2 1 0 0 0 0 1 0 0 
0 0 0 0 0 2 1 0 1 0 2 2 0 0 0 1 2 0 0 
0 0 0 0 0 2 0 0 0 0 0 1 0 0 0 0 0 0 0 
0 0 0 0 0 0 0 1 2 0 2 0 0 0 0 1 0 0 0 
0 0 0 0 0 0 0 1 2 1 2 2 0 0 2 0 0 0 0 
0 0 2 0 0 2 0 1 1 0 2 1 2 2 0 0 0 0 0 
0 0 0 0 0 0 2 2 1 1 1 1 2 1 0 0 0 0 0 
0 0 0 0 0 0 0 1 2 0 1 2 1 1 0 0 1 0 0 
0 0 0 0 0 0 0 0 2 0 2 2 0 0 0 0 0 0 0 
0 0 1 1 0 0 1 0 0 0 0 0 0 0 0 0 0 0 0 
0 0 2 0 0 0 0 0 0 0 0 0 0 0 0 0 2 0 0 
0 0 0 2 0 2 0 0 0 0 0 0 0 0 1 0 0 0 0 
0 0 0 0 2 1 0 2 0 0 1 0 0 0 0 1 0 0 0 
0 0 0 0 0 0 0 0 0 0 0 0 0 0 0 0 0 0 0 
0 0 0 0 0 0 0 0 0 0 0 0 0 0 0 0 0 0 0 
Play your move: 
Played: 13 7 
move number: 77
color: 
0 0 0 0 0 0 0 0 0 0 0 0 0 0 0 0 0 0 0 
0 0 0 0 0 0 0 0 1 0 0 0 0 0 0 0 0 0 0 
0 0 0 0 0 2 2 1 0 2 0 0 1 0 0 0 0 0 0 
0 0 0 2 2 1 1 1 1 0 2 0 0 0 0 1 0 0 0 
0 0 0 0 0 0 0 2 0 0 2 1 0 0 0 0 1 0 0 
0 0 0 0 0 2 1 0 1 0 2 2 0 0 0 1 2 0 0 
0 0 0 0 0 2 0 0 0 0 0 1 0 0 0 0 0 0 0 
0 0 0 0 0 0 0 1 2 0 2 0 0 1 0 1 0 0 0 
0 0 0 0 0 0 0 1 2 1 2 2 0 0 2 0 0 0 0 
0 0 2 0 0 2 0 1 1 0 2 1 2 2 0 0 0 0 0 
0 0 0 0 0 0 2 2 1 1 1 1 2 1 0 0 0 0 0 
0 0 0 0 0 0 0 1 2 0 1 2 1 1 0 0 1 0 0 
0 0 0 0 0 0 0 0 2 0 2 2 0 0 0 0 0 0 0 
0 0 1 1 0 0 1 0 0 0 0 0 0 0 0 0 0 0 0 
0 0 2 0 0 0 0 0 0 0 0 0 0 0 0 0 2 0 0 
0 0 0 2 0 2 0 0 0 0 0 0 0 0 1 0 0 0 0 
0 0 0 0 2 1 0 2 0 0 1 0 0 0 0 1 0 0 0 
0 0 0 0 0 0 0 0 0 0 0 0 0 0 0 0 0 0 0 
0 0 0 0 0 0 0 0 0 0 0 0 0 0 0 0 0 0 0 
Play your move: 
Played: 12 8 
move number: 78
color: 
0 0 0 0 0 0 0 0 0 0 0 0 0 0 0 0 0 0 0 
0 0 0 0 0 0 0 0 1 0 0 0 0 0 0 0 0 0 0 
0 0 0 0 0 2 2 1 0 2 0 0 1 0 0 0 0 0 0 
0 0 0 2 2 1 1 1 1 0 2 0 0 0 0 1 0 0 0 
0 0 0 0 0 0 0 2 0 0 2 1 0 0 0 0 1 0 0 
0 0 0 0 0 2 1 0 1 0 2 2 0 0 0 1 2 0 0 
0 0 0 0 0 2 0 0 0 0 0 1 0 0 0 0 0 0 0 
0 0 0 0 0 0 0 1 2 0 2 0 0 1 0 1 0 0 0 
0 0 0 0 0 0 0 1 2 1 2 2 2 0 2 0 0 0 0 
0 0 2 0 0 2 0 1 1 0 2 1 2 2 0 0 0 0 0 
0 0 0 0 0 0 2 2 1 1 1 1 2 1 0 0 0 0 0 
0 0 0 0 0 0 0 1 2 0 1 2 1 1 0 0 1 0 0 
0 0 0 0 0 0 0 0 2 0 2 2 0 0 0 0 0 0 0 
0 0 1 1 0 0 1 0 0 0 0 0 0 0 0 0 0 0 0 
0 0 2 0 0 0 0 0 0 0 0 0 0 0 0 0 2 0 0 
0 0 0 2 0 2 0 0 0 0 0 0 0 0 1 0 0 0 0 
0 0 0 0 2 1 0 2 0 0 1 0 0 0 0 1 0 0 0 
0 0 0 0 0 0 0 0 0 0 0 0 0 0 0 0 0 0 0 
0 0 0 0 0 0 0 0 0 0 0 0 0 0 0 0 0 0 0 
Play your move: 
Played: 7 14 
move number: 79
color: 
0 0 0 0 0 0 0 0 0 0 0 0 0 0 0 0 0 0 0 
0 0 0 0 0 0 0 0 1 0 0 0 0 0 0 0 0 0 0 
0 0 0 0 0 2 2 1 0 2 0 0 1 0 0 0 0 0 0 
0 0 0 2 2 1 1 1 1 0 2 0 0 0 0 1 0 0 0 
0 0 0 0 0 0 0 2 0 0 2 1 0 0 0 0 1 0 0 
0 0 0 0 0 2 1 0 1 0 2 2 0 0 0 1 2 0 0 
0 0 0 0 0 2 0 0 0 0 0 1 0 0 0 0 0 0 0 
0 0 0 0 0 0 0 1 2 0 2 0 0 1 0 1 0 0 0 
0 0 0 0 0 0 0 1 2 1 2 2 2 0 2 0 0 0 0 
0 0 2 0 0 2 0 1 1 0 2 1 2 2 0 0 0 0 0 
0 0 0 0 0 0 2 2 1 1 1 1 2 1 0 0 0 0 0 
0 0 0 0 0 0 0 1 2 0 1 2 1 1 0 0 1 0 0 
0 0 0 0 0 0 0 0 2 0 2 2 0 0 0 0 0 0 0 
0 0 1 1 0 0 1 0 0 0 0 0 0 0 0 0 0 0 0 
0 0 2 0 0 0 0 1 0 0 0 0 0 0 0 0 2 0 0 
0 0 0 2 0 2 0 0 0 0 0 0 0 0 1 0 0 0 0 
0 0 0 0 2 1 0 2 0 0 1 0 0 0 0 1 0 0 0 
0 0 0 0 0 0 0 0 0 0 0 0 0 0 0 0 0 0 0 
0 0 0 0 0 0 0 0 0 0 0 0 0 0 0 0 0 0 0 
Play your move: 
Played: 7 12 
move number: 80
color: 
0 0 0 0 0 0 0 0 0 0 0 0 0 0 0 0 0 0 0 
0 0 0 0 0 0 0 0 1 0 0 0 0 0 0 0 0 0 0 
0 0 0 0 0 2 2 1 0 2 0 0 1 0 0 0 0 0 0 
0 0 0 2 2 1 1 1 1 0 2 0 0 0 0 1 0 0 0 
0 0 0 0 0 0 0 2 0 0 2 1 0 0 0 0 1 0 0 
0 0 0 0 0 2 1 0 1 0 2 2 0 0 0 1 2 0 0 
0 0 0 0 0 2 0 0 0 0 0 1 0 0 0 0 0 0 0 
0 0 0 0 0 0 0 1 2 0 2 0 0 1 0 1 0 0 0 
0 0 0 0 0 0 0 1 2 1 2 2 2 0 2 0 0 0 0 
0 0 2 0 0 2 0 1 1 0 2 1 2 2 0 0 0 0 0 
0 0 0 0 0 0 2 2 1 1 1 1 2 1 0 0 0 0 0 
0 0 0 0 0 0 0 1 2 0 1 2 1 1 0 0 1 0 0 
0 0 0 0 0 0 0 2 2 0 2 2 0 0 0 0 0 0 0 
0 0 1 1 0 0 1 0 0 0 0 0 0 0 0 0 0 0 0 
0 0 2 0 0 0 0 1 0 0 0 0 0 0 0 0 2 0 0 
0 0 0 2 0 2 0 0 0 0 0 0 0 0 1 0 0 0 0 
0 0 0 0 2 1 0 2 0 0 1 0 0 0 0 1 0 0 0 
0 0 0 0 0 0 0 0 0 0 0 0 0 0 0 0 0 0 0 
0 0 0 0 0 0 0 0 0 0 0 0 0 0 0 0 0 0 0 
Play your move: 
Played: 4 14 
move number: 81
color: 
0 0 0 0 0 0 0 0 0 0 0 0 0 0 0 0 0 0 0 
0 0 0 0 0 0 0 0 1 0 0 0 0 0 0 0 0 0 0 
0 0 0 0 0 2 2 1 0 2 0 0 1 0 0 0 0 0 0 
0 0 0 2 2 1 1 1 1 0 2 0 0 0 0 1 0 0 0 
0 0 0 0 0 0 0 2 0 0 2 1 0 0 0 0 1 0 0 
0 0 0 0 0 2 1 0 1 0 2 2 0 0 0 1 2 0 0 
0 0 0 0 0 2 0 0 0 0 0 1 0 0 0 0 0 0 0 
0 0 0 0 0 0 0 1 2 0 2 0 0 1 0 1 0 0 0 
0 0 0 0 0 0 0 1 2 1 2 2 2 0 2 0 0 0 0 
0 0 2 0 0 2 0 1 1 0 2 1 2 2 0 0 0 0 0 
0 0 0 0 0 0 2 2 1 1 1 1 2 1 0 0 0 0 0 
0 0 0 0 0 0 0 1 2 0 1 2 1 1 0 0 1 0 0 
0 0 0 0 0 0 0 2 2 0 2 2 0 0 0 0 0 0 0 
0 0 1 1 0 0 1 0 0 0 0 0 0 0 0 0 0 0 0 
0 0 2 0 1 0 0 1 0 0 0 0 0 0 0 0 2 0 0 
0 0 0 2 0 2 0 0 0 0 0 0 0 0 1 0 0 0 0 
0 0 0 0 2 1 0 2 0 0 1 0 0 0 0 1 0 0 0 
0 0 0 0 0 0 0 0 0 0 0 0 0 0 0 0 0 0 0 
0 0 0 0 0 0 0 0 0 0 0 0 0 0 0 0 0 0 0 
Play your move: 
Played: 4 15 
move number: 82
color: 
0 0 0 0 0 0 0 0 0 0 0 0 0 0 0 0 0 0 0 
0 0 0 0 0 0 0 0 1 0 0 0 0 0 0 0 0 0 0 
0 0 0 0 0 2 2 1 0 2 0 0 1 0 0 0 0 0 0 
0 0 0 2 2 1 1 1 1 0 2 0 0 0 0 1 0 0 0 
0 0 0 0 0 0 0 2 0 0 2 1 0 0 0 0 1 0 0 
0 0 0 0 0 2 1 0 1 0 2 2 0 0 0 1 2 0 0 
0 0 0 0 0 2 0 0 0 0 0 1 0 0 0 0 0 0 0 
0 0 0 0 0 0 0 1 2 0 2 0 0 1 0 1 0 0 0 
0 0 0 0 0 0 0 1 2 1 2 2 2 0 2 0 0 0 0 
0 0 2 0 0 2 0 1 1 0 2 1 2 2 0 0 0 0 0 
0 0 0 0 0 0 2 2 1 1 1 1 2 1 0 0 0 0 0 
0 0 0 0 0 0 0 1 2 0 1 2 1 1 0 0 1 0 0 
0 0 0 0 0 0 0 2 2 0 2 2 0 0 0 0 0 0 0 
0 0 1 1 0 0 1 0 0 0 0 0 0 0 0 0 0 0 0 
0 0 2 0 1 0 0 1 0 0 0 0 0 0 0 0 2 0 0 
0 0 0 2 2 2 0 0 0 0 0 0 0 0 1 0 0 0 0 
0 0 0 0 2 1 0 2 0 0 1 0 0 0 0 1 0 0 0 
0 0 0 0 0 0 0 0 0 0 0 0 0 0 0 0 0 0 0 
0 0 0 0 0 0 0 0 0 0 0 0 0 0 0 0 0 0 0 
Play your move: 
Played: 6 11 
move number: 83
color: 
0 0 0 0 0 0 0 0 0 0 0 0 0 0 0 0 0 0 0 
0 0 0 0 0 0 0 0 1 0 0 0 0 0 0 0 0 0 0 
0 0 0 0 0 2 2 1 0 2 0 0 1 0 0 0 0 0 0 
0 0 0 2 2 1 1 1 1 0 2 0 0 0 0 1 0 0 0 
0 0 0 0 0 0 0 2 0 0 2 1 0 0 0 0 1 0 0 
0 0 0 0 0 2 1 0 1 0 2 2 0 0 0 1 2 0 0 
0 0 0 0 0 2 0 0 0 0 0 1 0 0 0 0 0 0 0 
0 0 0 0 0 0 0 1 2 0 2 0 0 1 0 1 0 0 0 
0 0 0 0 0 0 0 1 2 1 2 2 2 0 2 0 0 0 0 
0 0 2 0 0 2 0 1 1 0 2 1 2 2 0 0 0 0 0 
0 0 0 0 0 0 2 2 1 1 1 1 2 1 0 0 0 0 0 
0 0 0 0 0 0 1 1 2 0 1 2 1 1 0 0 1 0 0 
0 0 0 0 0 0 0 2 2 0 2 2 0 0 0 0 0 0 0 
0 0 1 1 0 0 1 0 0 0 0 0 0 0 0 0 0 0 0 
0 0 2 0 1 0 0 1 0 0 0 0 0 0 0 0 2 0 0 
0 0 0 2 2 2 0 0 0 0 0 0 0 0 1 0 0 0 0 
0 0 0 0 2 1 0 2 0 0 1 0 0 0 0 1 0 0 0 
0 0 0 0 0 0 0 0 0 0 0 0 0 0 0 0 0 0 0 
0 0 0 0 0 0 0 0 0 0 0 0 0 0 0 0 0 0 0 
Play your move: 
Played: 6 12 
move number: 84
color: 
0 0 0 0 0 0 0 0 0 0 0 0 0 0 0 0 0 0 0 
0 0 0 0 0 0 0 0 1 0 0 0 0 0 0 0 0 0 0 
0 0 0 0 0 2 2 1 0 2 0 0 1 0 0 0 0 0 0 
0 0 0 2 2 1 1 1 1 0 2 0 0 0 0 1 0 0 0 
0 0 0 0 0 0 0 2 0 0 2 1 0 0 0 0 1 0 0 
0 0 0 0 0 2 1 0 1 0 2 2 0 0 0 1 2 0 0 
0 0 0 0 0 2 0 0 0 0 0 1 0 0 0 0 0 0 0 
0 0 0 0 0 0 0 1 2 0 2 0 0 1 0 1 0 0 0 
0 0 0 0 0 0 0 1 2 1 2 2 2 0 2 0 0 0 0 
0 0 2 0 0 2 0 1 1 0 2 1 2 2 0 0 0 0 0 
0 0 0 0 0 0 2 2 1 1 1 1 2 1 0 0 0 0 0 
0 0 0 0 0 0 1 1 2 0 1 2 1 1 0 0 1 0 0 
0 0 0 0 0 0 2 2 2 0 2 2 0 0 0 0 0 0 0 
0 0 1 1 0 0 1 0 0 0 0 0 0 0 0 0 0 0 0 
0 0 2 0 1 0 0 1 0 0 0 0 0 0 0 0 2 0 0 
0 0 0 2 2 2 0 0 0 0 0 0 0 0 1 0 0 0 0 
0 0 0 0 2 1 0 2 0 0 1 0 0 0 0 1 0 0 0 
0 0 0 0 0 0 0 0 0 0 0 0 0 0 0 0 0 0 0 
0 0 0 0 0 0 0 0 0 0 0 0 0 0 0 0 0 0 0 
Play your move: 
Played: 5 11 
move number: 85
color: 
0 0 0 0 0 0 0 0 0 0 0 0 0 0 0 0 0 0 0 
0 0 0 0 0 0 0 0 1 0 0 0 0 0 0 0 0 0 0 
0 0 0 0 0 2 2 1 0 2 0 0 1 0 0 0 0 0 0 
0 0 0 2 2 1 1 1 1 0 2 0 0 0 0 1 0 0 0 
0 0 0 0 0 0 0 2 0 0 2 1 0 0 0 0 1 0 0 
0 0 0 0 0 2 1 0 1 0 2 2 0 0 0 1 2 0 0 
0 0 0 0 0 2 0 0 0 0 0 1 0 0 0 0 0 0 0 
0 0 0 0 0 0 0 1 2 0 2 0 0 1 0 1 0 0 0 
0 0 0 0 0 0 0 1 2 1 2 2 2 0 2 0 0 0 0 
0 0 2 0 0 2 0 1 1 0 2 1 2 2 0 0 0 0 0 
0 0 0 0 0 0 2 2 1 1 1 1 2 1 0 0 0 0 0 
0 0 0 0 0 1 1 1 2 0 1 2 1 1 0 0 1 0 0 
0 0 0 0 0 0 2 2 2 0 2 2 0 0 0 0 0 0 0 
0 0 1 1 0 0 1 0 0 0 0 0 0 0 0 0 0 0 0 
0 0 2 0 1 0 0 1 0 0 0 0 0 0 0 0 2 0 0 
0 0 0 2 2 2 0 0 0 0 0 0 0 0 1 0 0 0 0 
0 0 0 0 2 1 0 2 0 0 1 0 0 0 0 1 0 0 0 
0 0 0 0 0 0 0 0 0 0 0 0 0 0 0 0 0 0 0 
0 0 0 0 0 0 0 0 0 0 0 0 0 0 0 0 0 0 0 
Play your move: 
Played: 5 12 
move number: 86
color: 
0 0 0 0 0 0 0 0 0 0 0 0 0 0 0 0 0 0 0 
0 0 0 0 0 0 0 0 1 0 0 0 0 0 0 0 0 0 0 
0 0 0 0 0 2 2 1 0 2 0 0 1 0 0 0 0 0 0 
0 0 0 2 2 1 1 1 1 0 2 0 0 0 0 1 0 0 0 
0 0 0 0 0 0 0 2 0 0 2 1 0 0 0 0 1 0 0 
0 0 0 0 0 2 1 0 1 0 2 2 0 0 0 1 2 0 0 
0 0 0 0 0 2 0 0 0 0 0 1 0 0 0 0 0 0 0 
0 0 0 0 0 0 0 1 2 0 2 0 0 1 0 1 0 0 0 
0 0 0 0 0 0 0 1 2 1 2 2 2 0 2 0 0 0 0 
0 0 2 0 0 2 0 1 1 0 2 1 2 2 0 0 0 0 0 
0 0 0 0 0 0 2 2 1 1 1 1 2 1 0 0 0 0 0 
0 0 0 0 0 1 1 1 2 0 1 2 1 1 0 0 1 0 0 
0 0 0 0 0 2 2 2 2 0 2 2 0 0 0 0 0 0 0 
0 0 1 1 0 0 1 0 0 0 0 0 0 0 0 0 0 0 0 
0 0 2 0 1 0 0 1 0 0 0 0 0 0 0 0 2 0 0 
0 0 0 2 2 2 0 0 0 0 0 0 0 0 1 0 0 0 0 
0 0 0 0 2 1 0 2 0 0 1 0 0 0 0 1 0 0 0 
0 0 0 0 0 0 0 0 0 0 0 0 0 0 0 0 0 0 0 
0 0 0 0 0 0 0 0 0 0 0 0 0 0 0 0 0 0 0 
Play your move: 
Played: 4 11 
move number: 87
color: 
0 0 0 0 0 0 0 0 0 0 0 0 0 0 0 0 0 0 0 
0 0 0 0 0 0 0 0 1 0 0 0 0 0 0 0 0 0 0 
0 0 0 0 0 2 2 1 0 2 0 0 1 0 0 0 0 0 0 
0 0 0 2 2 1 1 1 1 0 2 0 0 0 0 1 0 0 0 
0 0 0 0 0 0 0 2 0 0 2 1 0 0 0 0 1 0 0 
0 0 0 0 0 2 1 0 1 0 2 2 0 0 0 1 2 0 0 
0 0 0 0 0 2 0 0 0 0 0 1 0 0 0 0 0 0 0 
0 0 0 0 0 0 0 1 2 0 2 0 0 1 0 1 0 0 0 
0 0 0 0 0 0 0 1 2 1 2 2 2 0 2 0 0 0 0 
0 0 2 0 0 2 0 1 1 0 2 1 2 2 0 0 0 0 0 
0 0 0 0 0 0 2 2 1 1 1 1 2 1 0 0 0 0 0 
0 0 0 0 1 1 1 1 2 0 1 2 1 1 0 0 1 0 0 
0 0 0 0 0 2 2 2 2 0 2 2 0 0 0 0 0 0 0 
0 0 1 1 0 0 1 0 0 0 0 0 0 0 0 0 0 0 0 
0 0 2 0 1 0 0 1 0 0 0 0 0 0 0 0 2 0 0 
0 0 0 2 2 2 0 0 0 0 0 0 0 0 1 0 0 0 0 
0 0 0 0 2 1 0 2 0 0 1 0 0 0 0 1 0 0 0 
0 0 0 0 0 0 0 0 0 0 0 0 0 0 0 0 0 0 0 
0 0 0 0 0 0 0 0 0 0 0 0 0 0 0 0 0 0 0 
Play your move: 
Played: 4 12 
move number: 88
color: 
0 0 0 0 0 0 0 0 0 0 0 0 0 0 0 0 0 0 0 
0 0 0 0 0 0 0 0 1 0 0 0 0 0 0 0 0 0 0 
0 0 0 0 0 2 2 1 0 2 0 0 1 0 0 0 0 0 0 
0 0 0 2 2 1 1 1 1 0 2 0 0 0 0 1 0 0 0 
0 0 0 0 0 0 0 2 0 0 2 1 0 0 0 0 1 0 0 
0 0 0 0 0 2 1 0 1 0 2 2 0 0 0 1 2 0 0 
0 0 0 0 0 2 0 0 0 0 0 1 0 0 0 0 0 0 0 
0 0 0 0 0 0 0 1 2 0 2 0 0 1 0 1 0 0 0 
0 0 0 0 0 0 0 1 2 1 2 2 2 0 2 0 0 0 0 
0 0 2 0 0 2 0 1 1 0 2 1 2 2 0 0 0 0 0 
0 0 0 0 0 0 2 2 1 1 1 1 2 1 0 0 0 0 0 
0 0 0 0 1 1 1 1 2 0 1 2 1 1 0 0 1 0 0 
0 0 0 0 2 2 2 2 2 0 2 2 0 0 0 0 0 0 0 
0 0 1 1 0 0 1 0 0 0 0 0 0 0 0 0 0 0 0 
0 0 2 0 1 0 0 1 0 0 0 0 0 0 0 0 2 0 0 
0 0 0 2 2 2 0 0 0 0 0 0 0 0 1 0 0 0 0 
0 0 0 0 2 1 0 2 0 0 1 0 0 0 0 1 0 0 0 
0 0 0 0 0 0 0 0 0 0 0 0 0 0 0 0 0 0 0 
0 0 0 0 0 0 0 0 0 0 0 0 0 0 0 0 0 0 0 
Play your move: 
Played: 3 11 
move number: 89
color: 
0 0 0 0 0 0 0 0 0 0 0 0 0 0 0 0 0 0 0 
0 0 0 0 0 0 0 0 1 0 0 0 0 0 0 0 0 0 0 
0 0 0 0 0 2 2 1 0 2 0 0 1 0 0 0 0 0 0 
0 0 0 2 2 1 1 1 1 0 2 0 0 0 0 1 0 0 0 
0 0 0 0 0 0 0 2 0 0 2 1 0 0 0 0 1 0 0 
0 0 0 0 0 2 1 0 1 0 2 2 0 0 0 1 2 0 0 
0 0 0 0 0 2 0 0 0 0 0 1 0 0 0 0 0 0 0 
0 0 0 0 0 0 0 1 2 0 2 0 0 1 0 1 0 0 0 
0 0 0 0 0 0 0 1 2 1 2 2 2 0 2 0 0 0 0 
0 0 2 0 0 2 0 1 1 0 2 1 2 2 0 0 0 0 0 
0 0 0 0 0 0 2 2 1 1 1 1 2 1 0 0 0 0 0 
0 0 0 1 1 1 1 1 2 0 1 2 1 1 0 0 1 0 0 
0 0 0 0 2 2 2 2 2 0 2 2 0 0 0 0 0 0 0 
0 0 1 1 0 0 1 0 0 0 0 0 0 0 0 0 0 0 0 
0 0 2 0 1 0 0 1 0 0 0 0 0 0 0 0 2 0 0 
0 0 0 2 2 2 0 0 0 0 0 0 0 0 1 0 0 0 0 
0 0 0 0 2 1 0 2 0 0 1 0 0 0 0 1 0 0 0 
0 0 0 0 0 0 0 0 0 0 0 0 0 0 0 0 0 0 0 
0 0 0 0 0 0 0 0 0 0 0 0 0 0 0 0 0 0 0 
Play your move: 
Played: 8 6 
move number: 90
color: 
0 0 0 0 0 0 0 0 0 0 0 0 0 0 0 0 0 0 0 
0 0 0 0 0 0 0 0 1 0 0 0 0 0 0 0 0 0 0 
0 0 0 0 0 2 2 1 0 2 0 0 1 0 0 0 0 0 0 
0 0 0 2 2 1 1 1 1 0 2 0 0 0 0 1 0 0 0 
0 0 0 0 0 0 0 2 0 0 2 1 0 0 0 0 1 0 0 
0 0 0 0 0 2 1 0 1 0 2 2 0 0 0 1 2 0 0 
0 0 0 0 0 2 0 0 2 0 0 1 0 0 0 0 0 0 0 
0 0 0 0 0 0 0 1 2 0 2 0 0 1 0 1 0 0 0 
0 0 0 0 0 0 0 1 2 1 2 2 2 0 2 0 0 0 0 
0 0 2 0 0 2 0 1 1 0 2 1 2 2 0 0 0 0 0 
0 0 0 0 0 0 2 2 1 1 1 1 2 1 0 0 0 0 0 
0 0 0 1 1 1 1 1 2 0 1 2 1 1 0 0 1 0 0 
0 0 0 0 2 2 2 2 2 0 2 2 0 0 0 0 0 0 0 
0 0 1 1 0 0 1 0 0 0 0 0 0 0 0 0 0 0 0 
0 0 2 0 1 0 0 1 0 0 0 0 0 0 0 0 2 0 0 
0 0 0 2 2 2 0 0 0 0 0 0 0 0 1 0 0 0 0 
0 0 0 0 2 1 0 2 0 0 1 0 0 0 0 1 0 0 0 
0 0 0 0 0 0 0 0 0 0 0 0 0 0 0 0 0 0 0 
0 0 0 0 0 0 0 0 0 0 0 0 0 0 0 0 0 0 0 
Play your move: 
Played: 7 6 
move number: 91
color: 
0 0 0 0 0 0 0 0 0 0 0 0 0 0 0 0 0 0 0 
0 0 0 0 0 0 0 0 1 0 0 0 0 0 0 0 0 0 0 
0 0 0 0 0 2 2 1 0 2 0 0 1 0 0 0 0 0 0 
0 0 0 2 2 1 1 1 1 0 2 0 0 0 0 1 0 0 0 
0 0 0 0 0 0 0 2 0 0 2 1 0 0 0 0 1 0 0 
0 0 0 0 0 2 1 0 1 0 2 2 0 0 0 1 2 0 0 
0 0 0 0 0 2 0 1 2 0 0 1 0 0 0 0 0 0 0 
0 0 0 0 0 0 0 1 2 0 2 0 0 1 0 1 0 0 0 
0 0 0 0 0 0 0 1 2 1 2 2 2 0 2 0 0 0 0 
0 0 2 0 0 2 0 1 1 0 2 1 2 2 0 0 0 0 0 
0 0 0 0 0 0 2 2 1 1 1 1 2 1 0 0 0 0 0 
0 0 0 1 1 1 1 1 2 0 1 2 1 1 0 0 1 0 0 
0 0 0 0 2 2 2 2 2 0 2 2 0 0 0 0 0 0 0 
0 0 1 1 0 0 1 0 0 0 0 0 0 0 0 0 0 0 0 
0 0 2 0 1 0 0 1 0 0 0 0 0 0 0 0 2 0 0 
0 0 0 2 2 2 0 0 0 0 0 0 0 0 1 0 0 0 0 
0 0 0 0 2 1 0 2 0 0 1 0 0 0 0 1 0 0 0 
0 0 0 0 0 0 0 0 0 0 0 0 0 0 0 0 0 0 0 
0 0 0 0 0 0 0 0 0 0 0 0 0 0 0 0 0 0 0 
Play your move: 
Played: 8 4 
move number: 92
color: 
0 0 0 0 0 0 0 0 0 0 0 0 0 0 0 0 0 0 0 
0 0 0 0 0 0 0 0 1 0 0 0 0 0 0 0 0 0 0 
0 0 0 0 0 2 2 1 0 2 0 0 1 0 0 0 0 0 0 
0 0 0 2 2 1 1 1 1 0 2 0 0 0 0 1 0 0 0 
0 0 0 0 0 0 0 2 2 0 2 1 0 0 0 0 1 0 0 
0 0 0 0 0 2 1 0 1 0 2 2 0 0 0 1 2 0 0 
0 0 0 0 0 2 0 1 2 0 0 1 0 0 0 0 0 0 0 
0 0 0 0 0 0 0 1 2 0 2 0 0 1 0 1 0 0 0 
0 0 0 0 0 0 0 1 2 1 2 2 2 0 2 0 0 0 0 
0 0 2 0 0 2 0 1 1 0 2 1 2 2 0 0 0 0 0 
0 0 0 0 0 0 2 2 1 1 1 1 2 1 0 0 0 0 0 
0 0 0 1 1 1 1 1 2 0 1 2 1 1 0 0 1 0 0 
0 0 0 0 2 2 2 2 2 0 2 2 0 0 0 0 0 0 0 
0 0 1 1 0 0 1 0 0 0 0 0 0 0 0 0 0 0 0 
0 0 2 0 1 0 0 1 0 0 0 0 0 0 0 0 2 0 0 
0 0 0 2 2 2 0 0 0 0 0 0 0 0 1 0 0 0 0 
0 0 0 0 2 1 0 2 0 0 1 0 0 0 0 1 0 0 0 
0 0 0 0 0 0 0 0 0 0 0 0 0 0 0 0 0 0 0 
0 0 0 0 0 0 0 0 0 0 0 0 0 0 0 0 0 0 0 
Play your move: 
Played: 7 5 
move number: 93
color: 
0 0 0 0 0 0 0 0 0 0 0 0 0 0 0 0 0 0 0 
0 0 0 0 0 0 0 0 1 0 0 0 0 0 0 0 0 0 0 
0 0 0 0 0 2 2 1 0 2 0 0 1 0 0 0 0 0 0 
0 0 0 2 2 1 1 1 1 0 2 0 0 0 0 1 0 0 0 
0 0 0 0 0 0 0 2 2 0 2 1 0 0 0 0 1 0 0 
0 0 0 0 0 2 1 1 1 0 2 2 0 0 0 1 2 0 0 
0 0 0 0 0 2 0 1 2 0 0 1 0 0 0 0 0 0 0 
0 0 0 0 0 0 0 1 2 0 2 0 0 1 0 1 0 0 0 
0 0 0 0 0 0 0 1 2 1 2 2 2 0 2 0 0 0 0 
0 0 2 0 0 2 0 1 1 0 2 1 2 2 0 0 0 0 0 
0 0 0 0 0 0 2 2 1 1 1 1 2 1 0 0 0 0 0 
0 0 0 1 1 1 1 1 2 0 1 2 1 1 0 0 1 0 0 
0 0 0 0 2 2 2 2 2 0 2 2 0 0 0 0 0 0 0 
0 0 1 1 0 0 1 0 0 0 0 0 0 0 0 0 0 0 0 
0 0 2 0 1 0 0 1 0 0 0 0 0 0 0 0 2 0 0 
0 0 0 2 2 2 0 0 0 0 0 0 0 0 1 0 0 0 0 
0 0 0 0 2 1 0 2 0 0 1 0 0 0 0 1 0 0 0 
0 0 0 0 0 0 0 0 0 0 0 0 0 0 0 0 0 0 0 
0 0 0 0 0 0 0 0 0 0 0 0 0 0 0 0 0 0 0 
Play your move: 
Played: 12 6 
move number: 94
color: 
0 0 0 0 0 0 0 0 0 0 0 0 0 0 0 0 0 0 0 
0 0 0 0 0 0 0 0 1 0 0 0 0 0 0 0 0 0 0 
0 0 0 0 0 2 2 1 0 2 0 0 1 0 0 0 0 0 0 
0 0 0 2 2 1 1 1 1 0 2 0 0 0 0 1 0 0 0 
0 0 0 0 0 0 0 2 2 0 2 1 0 0 0 0 1 0 0 
0 0 0 0 0 2 1 1 1 0 2 2 0 0 0 1 2 0 0 
0 0 0 0 0 2 0 1 2 0 0 1 2 0 0 0 0 0 0 
0 0 0 0 0 0 0 1 2 0 2 0 0 1 0 1 0 0 0 
0 0 0 0 0 0 0 1 2 1 2 2 2 0 2 0 0 0 0 
0 0 2 0 0 2 0 1 1 0 2 1 2 2 0 0 0 0 0 
0 0 0 0 0 0 2 2 1 1 1 1 2 1 0 0 0 0 0 
0 0 0 1 1 1 1 1 2 0 1 2 1 1 0 0 1 0 0 
0 0 0 0 2 2 2 2 2 0 2 2 0 0 0 0 0 0 0 
0 0 1 1 0 0 1 0 0 0 0 0 0 0 0 0 0 0 0 
0 0 2 0 1 0 0 1 0 0 0 0 0 0 0 0 2 0 0 
0 0 0 2 2 2 0 0 0 0 0 0 0 0 1 0 0 0 0 
0 0 0 0 2 1 0 2 0 0 1 0 0 0 0 1 0 0 0 
0 0 0 0 0 0 0 0 0 0 0 0 0 0 0 0 0 0 0 
0 0 0 0 0 0 0 0 0 0 0 0 0 0 0 0 0 0 0 
Play your move: 
Played: 9 5 
move number: 95
color: 
0 0 0 0 0 0 0 0 0 0 0 0 0 0 0 0 0 0 0 
0 0 0 0 0 0 0 0 1 0 0 0 0 0 0 0 0 0 0 
0 0 0 0 0 2 2 1 0 2 0 0 1 0 0 0 0 0 0 
0 0 0 2 2 1 1 1 1 0 2 0 0 0 0 1 0 0 0 
0 0 0 0 0 0 0 2 2 0 2 1 0 0 0 0 1 0 0 
0 0 0 0 0 2 1 1 1 1 2 2 0 0 0 1 2 0 0 
0 0 0 0 0 2 0 1 2 0 0 1 2 0 0 0 0 0 0 
0 0 0 0 0 0 0 1 2 0 2 0 0 1 0 1 0 0 0 
0 0 0 0 0 0 0 1 2 1 2 2 2 0 2 0 0 0 0 
0 0 2 0 0 2 0 1 1 0 2 1 2 2 0 0 0 0 0 
0 0 0 0 0 0 2 2 1 1 1 1 2 1 0 0 0 0 0 
0 0 0 1 1 1 1 1 2 0 1 2 1 1 0 0 1 0 0 
0 0 0 0 2 2 2 2 2 0 2 2 0 0 0 0 0 0 0 
0 0 1 1 0 0 1 0 0 0 0 0 0 0 0 0 0 0 0 
0 0 2 0 1 0 0 1 0 0 0 0 0 0 0 0 2 0 0 
0 0 0 2 2 2 0 0 0 0 0 0 0 0 1 0 0 0 0 
0 0 0 0 2 1 0 2 0 0 1 0 0 0 0 1 0 0 0 
0 0 0 0 0 0 0 0 0 0 0 0 0 0 0 0 0 0 0 
0 0 0 0 0 0 0 0 0 0 0 0 0 0 0 0 0 0 0 
Play your move: 
Played: 10 6 
move number: 96
color: 
0 0 0 0 0 0 0 0 0 0 0 0 0 0 0 0 0 0 0 
0 0 0 0 0 0 0 0 1 0 0 0 0 0 0 0 0 0 0 
0 0 0 0 0 2 2 1 0 2 0 0 1 0 0 0 0 0 0 
0 0 0 2 2 1 1 1 1 0 2 0 0 0 0 1 0 0 0 
0 0 0 0 0 0 0 2 2 0 2 1 0 0 0 0 1 0 0 
0 0 0 0 0 2 1 1 1 1 2 2 0 0 0 1 2 0 0 
0 0 0 0 0 2 0 1 2 0 2 1 2 0 0 0 0 0 0 
0 0 0 0 0 0 0 1 2 0 2 0 0 1 0 1 0 0 0 
0 0 0 0 0 0 0 1 2 1 2 2 2 0 2 0 0 0 0 
0 0 2 0 0 2 0 1 1 0 2 1 2 2 0 0 0 0 0 
0 0 0 0 0 0 2 2 1 1 1 1 2 1 0 0 0 0 0 
0 0 0 1 1 1 1 1 2 0 1 2 1 1 0 0 1 0 0 
0 0 0 0 2 2 2 2 2 0 2 2 0 0 0 0 0 0 0 
0 0 1 1 0 0 1 0 0 0 0 0 0 0 0 0 0 0 0 
0 0 2 0 1 0 0 1 0 0 0 0 0 0 0 0 2 0 0 
0 0 0 2 2 2 0 0 0 0 0 0 0 0 1 0 0 0 0 
0 0 0 0 2 1 0 2 0 0 1 0 0 0 0 1 0 0 0 
0 0 0 0 0 0 0 0 0 0 0 0 0 0 0 0 0 0 0 
0 0 0 0 0 0 0 0 0 0 0 0 0 0 0 0 0 0 0 
Play your move: 
Played: 3 9 
move number: 97
color: 
0 0 0 0 0 0 0 0 0 0 0 0 0 0 0 0 0 0 0 
0 0 0 0 0 0 0 0 1 0 0 0 0 0 0 0 0 0 0 
0 0 0 0 0 2 2 1 0 2 0 0 1 0 0 0 0 0 0 
0 0 0 2 2 1 1 1 1 0 2 0 0 0 0 1 0 0 0 
0 0 0 0 0 0 0 2 2 0 2 1 0 0 0 0 1 0 0 
0 0 0 0 0 2 1 1 1 1 2 2 0 0 0 1 2 0 0 
0 0 0 0 0 2 0 1 2 0 2 1 2 0 0 0 0 0 0 
0 0 0 0 0 0 0 1 2 0 2 0 0 1 0 1 0 0 0 
0 0 0 0 0 0 0 1 2 1 2 2 2 0 2 0 0 0 0 
0 0 2 1 0 2 0 1 1 0 2 1 2 2 0 0 0 0 0 
0 0 0 0 0 0 2 2 1 1 1 1 2 1 0 0 0 0 0 
0 0 0 1 1 1 1 1 2 0 1 2 1 1 0 0 1 0 0 
0 0 0 0 2 2 2 2 2 0 2 2 0 0 0 0 0 0 0 
0 0 1 1 0 0 1 0 0 0 0 0 0 0 0 0 0 0 0 
0 0 2 0 1 0 0 1 0 0 0 0 0 0 0 0 2 0 0 
0 0 0 2 2 2 0 0 0 0 0 0 0 0 1 0 0 0 0 
0 0 0 0 2 1 0 2 0 0 1 0 0 0 0 1 0 0 0 
0 0 0 0 0 0 0 0 0 0 0 0 0 0 0 0 0 0 0 
0 0 0 0 0 0 0 0 0 0 0 0 0 0 0 0 0 0 0 
Play your move: 
Played: 3 8 
move number: 98
color: 
0 0 0 0 0 0 0 0 0 0 0 0 0 0 0 0 0 0 0 
0 0 0 0 0 0 0 0 1 0 0 0 0 0 0 0 0 0 0 
0 0 0 0 0 2 2 1 0 2 0 0 1 0 0 0 0 0 0 
0 0 0 2 2 1 1 1 1 0 2 0 0 0 0 1 0 0 0 
0 0 0 0 0 0 0 2 2 0 2 1 0 0 0 0 1 0 0 
0 0 0 0 0 2 1 1 1 1 2 2 0 0 0 1 2 0 0 
0 0 0 0 0 2 0 1 2 0 2 1 2 0 0 0 0 0 0 
0 0 0 0 0 0 0 1 2 0 2 0 0 1 0 1 0 0 0 
0 0 0 2 0 0 0 1 2 1 2 2 2 0 2 0 0 0 0 
0 0 2 1 0 2 0 1 1 0 2 1 2 2 0 0 0 0 0 
0 0 0 0 0 0 2 2 1 1 1 1 2 1 0 0 0 0 0 
0 0 0 1 1 1 1 1 2 0 1 2 1 1 0 0 1 0 0 
0 0 0 0 2 2 2 2 2 0 2 2 0 0 0 0 0 0 0 
0 0 1 1 0 0 1 0 0 0 0 0 0 0 0 0 0 0 0 
0 0 2 0 1 0 0 1 0 0 0 0 0 0 0 0 2 0 0 
0 0 0 2 2 2 0 0 0 0 0 0 0 0 1 0 0 0 0 
0 0 0 0 2 1 0 2 0 0 1 0 0 0 0 1 0 0 0 
0 0 0 0 0 0 0 0 0 0 0 0 0 0 0 0 0 0 0 
0 0 0 0 0 0 0 0 0 0 0 0 0 0 0 0 0 0 0 
Play your move: 
Played: 4 9 
move number: 99
color: 
0 0 0 0 0 0 0 0 0 0 0 0 0 0 0 0 0 0 0 
0 0 0 0 0 0 0 0 1 0 0 0 0 0 0 0 0 0 0 
0 0 0 0 0 2 2 1 0 2 0 0 1 0 0 0 0 0 0 
0 0 0 2 2 1 1 1 1 0 2 0 0 0 0 1 0 0 0 
0 0 0 0 0 0 0 2 2 0 2 1 0 0 0 0 1 0 0 
0 0 0 0 0 2 1 1 1 1 2 2 0 0 0 1 2 0 0 
0 0 0 0 0 2 0 1 2 0 2 1 2 0 0 0 0 0 0 
0 0 0 0 0 0 0 1 2 0 2 0 0 1 0 1 0 0 0 
0 0 0 2 0 0 0 1 2 1 2 2 2 0 2 0 0 0 0 
0 0 2 1 1 2 0 1 1 0 2 1 2 2 0 0 0 0 0 
0 0 0 0 0 0 2 2 1 1 1 1 2 1 0 0 0 0 0 
0 0 0 1 1 1 1 1 2 0 1 2 1 1 0 0 1 0 0 
0 0 0 0 2 2 2 2 2 0 2 2 0 0 0 0 0 0 0 
0 0 1 1 0 0 1 0 0 0 0 0 0 0 0 0 0 0 0 
0 0 2 0 1 0 0 1 0 0 0 0 0 0 0 0 2 0 0 
0 0 0 2 2 2 0 0 0 0 0 0 0 0 1 0 0 0 0 
0 0 0 0 2 1 0 2 0 0 1 0 0 0 0 1 0 0 0 
0 0 0 0 0 0 0 0 0 0 0 0 0 0 0 0 0 0 0 
0 0 0 0 0 0 0 0 0 0 0 0 0 0 0 0 0 0 0 
Play your move: 
Played: 5 8 
move number: 100
color: 
0 0 0 0 0 0 0 0 0 0 0 0 0 0 0 0 0 0 0 
0 0 0 0 0 0 0 0 1 0 0 0 0 0 0 0 0 0 0 
0 0 0 0 0 2 2 1 0 2 0 0 1 0 0 0 0 0 0 
0 0 0 2 2 1 1 1 1 0 2 0 0 0 0 1 0 0 0 
0 0 0 0 0 0 0 2 2 0 2 1 0 0 0 0 1 0 0 
0 0 0 0 0 2 1 1 1 1 2 2 0 0 0 1 2 0 0 
0 0 0 0 0 2 0 1 2 0 2 1 2 0 0 0 0 0 0 
0 0 0 0 0 0 0 1 2 0 2 0 0 1 0 1 0 0 0 
0 0 0 2 0 2 0 1 2 1 2 2 2 0 2 0 0 0 0 
0 0 2 1 1 2 0 1 1 0 2 1 2 2 0 0 0 0 0 
0 0 0 0 0 0 2 2 1 1 1 1 2 1 0 0 0 0 0 
0 0 0 1 1 1 1 1 2 0 1 2 1 1 0 0 1 0 0 
0 0 0 0 2 2 2 2 2 0 2 2 0 0 0 0 0 0 0 
0 0 1 1 0 0 1 0 0 0 0 0 0 0 0 0 0 0 0 
0 0 2 0 1 0 0 1 0 0 0 0 0 0 0 0 2 0 0 
0 0 0 2 2 2 0 0 0 0 0 0 0 0 1 0 0 0 0 
0 0 0 0 2 1 0 2 0 0 1 0 0 0 0 1 0 0 0 
0 0 0 0 0 0 0 0 0 0 0 0 0 0 0 0 0 0 0 
0 0 0 0 0 0 0 0 0 0 0 0 0 0 0 0 0 0 0 
Play your move: 
Played: 2 8 
move number: 101
color: 
0 0 0 0 0 0 0 0 0 0 0 0 0 0 0 0 0 0 0 
0 0 0 0 0 0 0 0 1 0 0 0 0 0 0 0 0 0 0 
0 0 0 0 0 2 2 1 0 2 0 0 1 0 0 0 0 0 0 
0 0 0 2 2 1 1 1 1 0 2 0 0 0 0 1 0 0 0 
0 0 0 0 0 0 0 2 2 0 2 1 0 0 0 0 1 0 0 
0 0 0 0 0 2 1 1 1 1 2 2 0 0 0 1 2 0 0 
0 0 0 0 0 2 0 1 2 0 2 1 2 0 0 0 0 0 0 
0 0 0 0 0 0 0 1 2 0 2 0 0 1 0 1 0 0 0 
0 0 1 2 0 2 0 1 2 1 2 2 2 0 2 0 0 0 0 
0 0 2 1 1 2 0 1 1 0 2 1 2 2 0 0 0 0 0 
0 0 0 0 0 0 2 2 1 1 1 1 2 1 0 0 0 0 0 
0 0 0 1 1 1 1 1 2 0 1 2 1 1 0 0 1 0 0 
0 0 0 0 2 2 2 2 2 0 2 2 0 0 0 0 0 0 0 
0 0 1 1 0 0 1 0 0 0 0 0 0 0 0 0 0 0 0 
0 0 2 0 1 0 0 1 0 0 0 0 0 0 0 0 2 0 0 
0 0 0 2 2 2 0 0 0 0 0 0 0 0 1 0 0 0 0 
0 0 0 0 2 1 0 2 0 0 1 0 0 0 0 1 0 0 0 
0 0 0 0 0 0 0 0 0 0 0 0 0 0 0 0 0 0 0 
0 0 0 0 0 0 0 0 0 0 0 0 0 0 0 0 0 0 0 
Play your move: 
Played: 4 8 
move number: 102
color: 
0 0 0 0 0 0 0 0 0 0 0 0 0 0 0 0 0 0 0 
0 0 0 0 0 0 0 0 1 0 0 0 0 0 0 0 0 0 0 
0 0 0 0 0 2 2 1 0 2 0 0 1 0 0 0 0 0 0 
0 0 0 2 2 1 1 1 1 0 2 0 0 0 0 1 0 0 0 
0 0 0 0 0 0 0 2 2 0 2 1 0 0 0 0 1 0 0 
0 0 0 0 0 2 1 1 1 1 2 2 0 0 0 1 2 0 0 
0 0 0 0 0 2 0 1 2 0 2 1 2 0 0 0 0 0 0 
0 0 0 0 0 0 0 1 2 0 2 0 0 1 0 1 0 0 0 
0 0 1 2 2 2 0 1 2 1 2 2 2 0 2 0 0 0 0 
0 0 2 1 1 2 0 1 1 0 2 1 2 2 0 0 0 0 0 
0 0 0 0 0 0 2 2 1 1 1 1 2 1 0 0 0 0 0 
0 0 0 1 1 1 1 1 2 0 1 2 1 1 0 0 1 0 0 
0 0 0 0 2 2 2 2 2 0 2 2 0 0 0 0 0 0 0 
0 0 1 1 0 0 1 0 0 0 0 0 0 0 0 0 0 0 0 
0 0 2 0 1 0 0 1 0 0 0 0 0 0 0 0 2 0 0 
0 0 0 2 2 2 0 0 0 0 0 0 0 0 1 0 0 0 0 
0 0 0 0 2 1 0 2 0 0 1 0 0 0 0 1 0 0 0 
0 0 0 0 0 0 0 0 0 0 0 0 0 0 0 0 0 0 0 
0 0 0 0 0 0 0 0 0 0 0 0 0 0 0 0 0 0 0 
Play your move: 
Played: 2 7 
move number: 103
color: 
0 0 0 0 0 0 0 0 0 0 0 0 0 0 0 0 0 0 0 
0 0 0 0 0 0 0 0 1 0 0 0 0 0 0 0 0 0 0 
0 0 0 0 0 2 2 1 0 2 0 0 1 0 0 0 0 0 0 
0 0 0 2 2 1 1 1 1 0 2 0 0 0 0 1 0 0 0 
0 0 0 0 0 0 0 2 2 0 2 1 0 0 0 0 1 0 0 
0 0 0 0 0 2 1 1 1 1 2 2 0 0 0 1 2 0 0 
0 0 0 0 0 2 0 1 2 0 2 1 2 0 0 0 0 0 0 
0 0 1 0 0 0 0 1 2 0 2 0 0 1 0 1 0 0 0 
0 0 1 2 2 2 0 1 2 1 2 2 2 0 2 0 0 0 0 
0 0 2 1 1 2 0 1 1 0 2 1 2 2 0 0 0 0 0 
0 0 0 0 0 0 2 2 1 1 1 1 2 1 0 0 0 0 0 
0 0 0 1 1 1 1 1 2 0 1 2 1 1 0 0 1 0 0 
0 0 0 0 2 2 2 2 2 0 2 2 0 0 0 0 0 0 0 
0 0 1 1 0 0 1 0 0 0 0 0 0 0 0 0 0 0 0 
0 0 2 0 1 0 0 1 0 0 0 0 0 0 0 0 2 0 0 
0 0 0 2 2 2 0 0 0 0 0 0 0 0 1 0 0 0 0 
0 0 0 0 2 1 0 2 0 0 1 0 0 0 0 1 0 0 0 
0 0 0 0 0 0 0 0 0 0 0 0 0 0 0 0 0 0 0 
0 0 0 0 0 0 0 0 0 0 0 0 0 0 0 0 0 0 0 
Play your move: 
Played: 1 9 
move number: 104
color: 
0 0 0 0 0 0 0 0 0 0 0 0 0 0 0 0 0 0 0 
0 0 0 0 0 0 0 0 1 0 0 0 0 0 0 0 0 0 0 
0 0 0 0 0 2 2 1 0 2 0 0 1 0 0 0 0 0 0 
0 0 0 2 2 1 1 1 1 0 2 0 0 0 0 1 0 0 0 
0 0 0 0 0 0 0 2 2 0 2 1 0 0 0 0 1 0 0 
0 0 0 0 0 2 1 1 1 1 2 2 0 0 0 1 2 0 0 
0 0 0 0 0 2 0 1 2 0 2 1 2 0 0 0 0 0 0 
0 0 1 0 0 0 0 1 2 0 2 0 0 1 0 1 0 0 0 
0 0 1 2 2 2 0 1 2 1 2 2 2 0 2 0 0 0 0 
0 2 2 1 1 2 0 1 1 0 2 1 2 2 0 0 0 0 0 
0 0 0 0 0 0 2 2 1 1 1 1 2 1 0 0 0 0 0 
0 0 0 1 1 1 1 1 2 0 1 2 1 1 0 0 1 0 0 
0 0 0 0 2 2 2 2 2 0 2 2 0 0 0 0 0 0 0 
0 0 1 1 0 0 1 0 0 0 0 0 0 0 0 0 0 0 0 
0 0 2 0 1 0 0 1 0 0 0 0 0 0 0 0 2 0 0 
0 0 0 2 2 2 0 0 0 0 0 0 0 0 1 0 0 0 0 
0 0 0 0 2 1 0 2 0 0 1 0 0 0 0 1 0 0 0 
0 0 0 0 0 0 0 0 0 0 0 0 0 0 0 0 0 0 0 
0 0 0 0 0 0 0 0 0 0 0 0 0 0 0 0 0 0 0 
Play your move: 
Played: 2 10 
move number: 105
color: 
0 0 0 0 0 0 0 0 0 0 0 0 0 0 0 0 0 0 0 
0 0 0 0 0 0 0 0 1 0 0 0 0 0 0 0 0 0 0 
0 0 0 0 0 2 2 1 0 2 0 0 1 0 0 0 0 0 0 
0 0 0 2 2 1 1 1 1 0 2 0 0 0 0 1 0 0 0 
0 0 0 0 0 0 0 2 2 0 2 1 0 0 0 0 1 0 0 
0 0 0 0 0 2 1 1 1 1 2 2 0 0 0 1 2 0 0 
0 0 0 0 0 2 0 1 2 0 2 1 2 0 0 0 0 0 0 
0 0 1 0 0 0 0 1 2 0 2 0 0 1 0 1 0 0 0 
0 0 1 2 2 2 0 1 2 1 2 2 2 0 2 0 0 0 0 
0 2 2 1 1 2 0 1 1 0 2 1 2 2 0 0 0 0 0 
0 0 1 0 0 0 2 2 1 1 1 1 2 1 0 0 0 0 0 
0 0 0 1 1 1 1 1 2 0 1 2 1 1 0 0 1 0 0 
0 0 0 0 2 2 2 2 2 0 2 2 0 0 0 0 0 0 0 
0 0 1 1 0 0 1 0 0 0 0 0 0 0 0 0 0 0 0 
0 0 2 0 1 0 0 1 0 0 0 0 0 0 0 0 2 0 0 
0 0 0 2 2 2 0 0 0 0 0 0 0 0 1 0 0 0 0 
0 0 0 0 2 1 0 2 0 0 1 0 0 0 0 1 0 0 0 
0 0 0 0 0 0 0 0 0 0 0 0 0 0 0 0 0 0 0 
0 0 0 0 0 0 0 0 0 0 0 0 0 0 0 0 0 0 0 
Play your move: 
Played: 2 6 
move number: 106
color: 
0 0 0 0 0 0 0 0 0 0 0 0 0 0 0 0 0 0 0 
0 0 0 0 0 0 0 0 1 0 0 0 0 0 0 0 0 0 0 
0 0 0 0 0 2 2 1 0 2 0 0 1 0 0 0 0 0 0 
0 0 0 2 2 1 1 1 1 0 2 0 0 0 0 1 0 0 0 
0 0 0 0 0 0 0 2 2 0 2 1 0 0 0 0 1 0 0 
0 0 0 0 0 2 1 1 1 1 2 2 0 0 0 1 2 0 0 
0 0 2 0 0 2 0 1 2 0 2 1 2 0 0 0 0 0 0 
0 0 1 0 0 0 0 1 2 0 2 0 0 1 0 1 0 0 0 
0 0 1 2 2 2 0 1 2 1 2 2 2 0 2 0 0 0 0 
0 2 2 1 1 2 0 1 1 0 2 1 2 2 0 0 0 0 0 
0 0 1 0 0 0 2 2 1 1 1 1 2 1 0 0 0 0 0 
0 0 0 1 1 1 1 1 2 0 1 2 1 1 0 0 1 0 0 
0 0 0 0 2 2 2 2 2 0 2 2 0 0 0 0 0 0 0 
0 0 1 1 0 0 1 0 0 0 0 0 0 0 0 0 0 0 0 
0 0 2 0 1 0 0 1 0 0 0 0 0 0 0 0 2 0 0 
0 0 0 2 2 2 0 0 0 0 0 0 0 0 1 0 0 0 0 
0 0 0 0 2 1 0 2 0 0 1 0 0 0 0 1 0 0 0 
0 0 0 0 0 0 0 0 0 0 0 0 0 0 0 0 0 0 0 
0 0 0 0 0 0 0 0 0 0 0 0 0 0 0 0 0 0 0 
Play your move: 
Played: 1 6 
move number: 107
color: 
0 0 0 0 0 0 0 0 0 0 0 0 0 0 0 0 0 0 0 
0 0 0 0 0 0 0 0 1 0 0 0 0 0 0 0 0 0 0 
0 0 0 0 0 2 2 1 0 2 0 0 1 0 0 0 0 0 0 
0 0 0 2 2 1 1 1 1 0 2 0 0 0 0 1 0 0 0 
0 0 0 0 0 0 0 2 2 0 2 1 0 0 0 0 1 0 0 
0 0 0 0 0 2 1 1 1 1 2 2 0 0 0 1 2 0 0 
0 1 2 0 0 2 0 1 2 0 2 1 2 0 0 0 0 0 0 
0 0 1 0 0 0 0 1 2 0 2 0 0 1 0 1 0 0 0 
0 0 1 2 2 2 0 1 2 1 2 2 2 0 2 0 0 0 0 
0 2 2 1 1 2 0 1 1 0 2 1 2 2 0 0 0 0 0 
0 0 1 0 0 0 2 2 1 1 1 1 2 1 0 0 0 0 0 
0 0 0 1 1 1 1 1 2 0 1 2 1 1 0 0 1 0 0 
0 0 0 0 2 2 2 2 2 0 2 2 0 0 0 0 0 0 0 
0 0 1 1 0 0 1 0 0 0 0 0 0 0 0 0 0 0 0 
0 0 2 0 1 0 0 1 0 0 0 0 0 0 0 0 2 0 0 
0 0 0 2 2 2 0 0 0 0 0 0 0 0 1 0 0 0 0 
0 0 0 0 2 1 0 2 0 0 1 0 0 0 0 1 0 0 0 
0 0 0 0 0 0 0 0 0 0 0 0 0 0 0 0 0 0 0 
0 0 0 0 0 0 0 0 0 0 0 0 0 0 0 0 0 0 0 
Play your move: 
Played: 1 5 
move number: 108
color: 
0 0 0 0 0 0 0 0 0 0 0 0 0 0 0 0 0 0 0 
0 0 0 0 0 0 0 0 1 0 0 0 0 0 0 0 0 0 0 
0 0 0 0 0 2 2 1 0 2 0 0 1 0 0 0 0 0 0 
0 0 0 2 2 1 1 1 1 0 2 0 0 0 0 1 0 0 0 
0 0 0 0 0 0 0 2 2 0 2 1 0 0 0 0 1 0 0 
0 2 0 0 0 2 1 1 1 1 2 2 0 0 0 1 2 0 0 
0 1 2 0 0 2 0 1 2 0 2 1 2 0 0 0 0 0 0 
0 0 1 0 0 0 0 1 2 0 2 0 0 1 0 1 0 0 0 
0 0 1 2 2 2 0 1 2 1 2 2 2 0 2 0 0 0 0 
0 2 2 1 1 2 0 1 1 0 2 1 2 2 0 0 0 0 0 
0 0 1 0 0 0 2 2 1 1 1 1 2 1 0 0 0 0 0 
0 0 0 1 1 1 1 1 2 0 1 2 1 1 0 0 1 0 0 
0 0 0 0 2 2 2 2 2 0 2 2 0 0 0 0 0 0 0 
0 0 1 1 0 0 1 0 0 0 0 0 0 0 0 0 0 0 0 
0 0 2 0 1 0 0 1 0 0 0 0 0 0 0 0 2 0 0 
0 0 0 2 2 2 0 0 0 0 0 0 0 0 1 0 0 0 0 
0 0 0 0 2 1 0 2 0 0 1 0 0 0 0 1 0 0 0 
0 0 0 0 0 0 0 0 0 0 0 0 0 0 0 0 0 0 0 
0 0 0 0 0 0 0 0 0 0 0 0 0 0 0 0 0 0 0 
Play your move: 
Played: 2 5
