15 3
3 3
15 16
3 15
5 16
16 14
14 15
7 16
16 11
16 5
10 16
4 16
15 7
5 15
15 5
5 2
16 4
2 9
6 3
10 3
5 3
6 2
7 2
4 3
8 3
9 2
8 1
10 5
12 2
7 4
7 3
5 5
8 5
10 7
11 4
10 4
6 5
5 6
7 7
10 9
2 13
2 14
3 13
5 9
8 10
8 8
7 8
6 10
9 8
10 8
10 11
8 7
7 9
14 8
13 10
12 9
6 13
11 11
11 10
12 10
12 11
11 12
10 10
8 11
7 11
7 10
8 9
8 12
13 11
10 12
9 10
13 9
11 9
11 8
11 6
11 5
13 7
12 8
7 14
7 12
4 14
4 15
6 11
6 12
5 11
5 12
4 11
4 12
3 11
8 6
7 6
8 4
7 5
12 6
9 5
10 6
3 9
3 8
4 9
5 8
2 8
4 8
2 7
1 9
2 10
2 6
1 6
1 5
2 5
3 6
1 8
0 6
1 7
2 4
3 7
0 5
4 6
3 5
1 10
11 15
8 16
14 13
15 13
15 12
13 13
14 12
16 12
14 14
15 14
16 13
15 15
13 14
15 11
17 16
17 17
16 9
14 10
14 9
12 13
8 15
7 15
9 16
8 17
9 15
9 17
10 15
6 16
13 15
17 15
5 14
4 17
3 17
5 18
1 13
1 12
14 2
8 14
9 14
5 13
16 17
14 17
10 17
11 17
18 15
16 15
-1 -1
